v  0.5862 1.4781 -0.0160
v  0.5068 1.5040 0.0406
v  0.5525 1.4416 0.0163
v  0.5137 1.4041 0.0196
v  0.4406 1.4334 0.0178
v  0.4795 1.3770 -0.0033
v  0.5685 1.3472 0.0018
v  0.5305 1.3202 -0.0189
v  0.3821 -1.9659 -0.2091
v  0.3571 -1.9601 -0.1589
v  0.3727 -1.8718 -0.2173
v  0.4165 -1.8768 -0.2533
v  0.4111 -1.7863 -0.2633
v  0.3605 -1.7793 -0.2286
v  0.4085 -1.6495 -0.2819
v  0.3453 -1.6441 -0.2480
v  0.4038 -1.5342 -0.3000
v  0.3298 -1.5355 -0.2635
v  0.3952 -1.3882 -0.3241
v  -0.4062 -2.2356 -0.3251
v  -0.4731 -2.2114 -0.2391
v  -0.4177 -2.1781 -0.3095
v  -0.1886 -0.9004 -0.1243
v  -0.2341 -1.0258 -0.0623
v  -0.2110 -1.0211 -0.1557
v  0.5005 -1.3923 -0.2959
v  0.4956 -1.2479 -0.3052
v  0.3371 -1.7738 -0.1756
v  0.3153 -1.6400 -0.1831
v  0.2920 -1.1318 -0.2635
v  0.2602 -1.2660 -0.1830
v  0.2575 -1.1429 -0.1699
v  0.2875 -1.0093 -0.2288
v  0.3066 -1.3908 -0.2835
v  0.2475 -1.0211 -0.1556
v  0.3879 -1.2531 -0.3336
v  0.2737 -0.8896 -0.1885
v  0.3792 -1.1256 -0.3120
v  0.2939 -1.2565 -0.2848
v  0.2250 -0.9004 -0.1242
v  0.3639 -1.0010 -0.2700
v  0.3479 -0.8784 -0.2149
v  0.3364 -0.7872 -0.1871
v  -0.5063 -2.4249 0.1728
v  -0.4493 -2.4144 0.1806
v  -0.4755 -2.3630 0.0780
v  -0.5395 -2.4367 0.1481
v  0.4290 -0.8704 -0.1895
v  0.4549 -0.9900 -0.2437
v  0.4777 -1.1200 -0.2866
v  -0.5461 -2.4490 0.2062
v  -0.5257 -2.4445 0.2201
v  -0.5142 -2.4687 0.2029
v  -0.5177 -2.4718 0.2246
v  -0.5351 -2.4581 0.2545
v  -0.5268 -2.4821 0.2610
v  -0.5513 -2.4612 0.2460
v  -0.5541 -2.4850 0.2477
v  -0.4516 -2.4223 0.2397
v  -0.4739 -2.4626 0.2446
v  -0.4508 -2.4281 0.2803
v  -0.4696 -2.4648 0.2381
v  -0.4830 -2.4364 0.2337
v  -0.5129 -2.4382 0.2318
v  -0.4905 -2.4487 0.2769
v  -0.5156 -2.4515 0.2772
v  -0.4826 -2.4780 0.2816
v  -0.5196 -2.4841 0.2823
v  -0.4745 -2.4677 0.2352
v  -0.6029 1.4174 -0.0376
v  -0.6131 1.4390 -0.0954
v  -0.6607 1.3589 -0.0561
v  -0.5657 1.4993 -0.0792
v  -0.5498 1.4781 -0.0162
v  -0.5249 1.5655 -0.0649
v  0.5072 -0.9893 -0.1644
v  0.4825 -0.8656 -0.1220
v  0.5349 -1.1166 -0.2012
v  -0.2425 0.2395 0.3045
v  -0.1232 0.2792 0.2569
v  -0.2302 0.3454 0.2895
v  0.5556 -1.2544 -0.2136
v  0.3302 1.3673 -0.0249
v  0.3030 1.2912 -0.1024
v  0.3235 1.3558 -0.1317
v  0.2580 -0.7962 -0.1695
v  -0.1439 -0.5221 0.0785
v  -0.1446 -0.6245 0.0565
v  -0.1147 -0.5163 -0.0423
v  0.4642 -1.9698 -0.2340
v  0.5166 -2.0584 -0.1882
v  0.4578 -2.0584 -0.2422
v  0.4169 -1.9689 -0.2471
v  0.4083 -2.0576 -0.2505
v  -0.1201 -0.6216 -0.0672
v  0.4599 1.3702 -0.0555
v  0.4596 1.3711 -0.1150
v  0.5067 1.3190 -0.0703
v  -0.3091 -2.2415 -0.2623
v  -0.3120 -2.1871 -0.1844
v  -0.3220 -2.2510 -0.1851
v  -0.3341 -2.2256 -0.3236
v  -0.3064 -2.1779 -0.2510
v  0.3802 -2.0622 -0.2038
v  0.4297 1.4153 -0.0354
v  0.4269 -2.2761 -0.3216
v  0.3840 -2.2720 -0.3190
v  0.4428 -2.2356 -0.3249
v  0.3706 -2.2256 -0.3235
v  0.3457 -2.2415 -0.2622
v  0.3477 -2.0556 -0.1560
v  0.3527 -1.8664 -0.1675
v  0.2940 -1.5327 -0.1867
v  0.3838 -2.2996 -0.2683
v  0.4547 -2.3109 -0.2711
v  0.4967 -2.2697 -0.2603
v  0.4877 -2.3425 -0.1850
v  0.2692 -1.3903 -0.1894
v  0.5061 -1.8692 -0.1244
v  0.5146 -1.7864 -0.1957
v  0.5135 -1.7813 -0.1247
v  0.5301 -1.6574 -0.2048
v  0.5271 -1.6559 -0.1226
v  0.5390 -1.5418 -0.1221
v  0.4953 -1.5437 -0.0492
v  0.5487 -1.4002 -0.1143
v  0.4987 -1.4045 -0.0365
v  0.5517 -1.2599 -0.1108
v  0.4946 -1.2645 -0.0200
v  0.5371 -1.1248 -0.0975
v  0.4802 -1.8634 -0.0700
v  0.4802 -1.7764 -0.0673
v  0.4867 -1.6534 -0.0575
v  -1.3824 0.2151 0.0277
v  -1.3881 0.2106 0.0074
v  -1.3723 0.1934 0.0233
v  -1.3790 0.2150 -0.0066
v  -1.3785 0.2630 -0.0033
v  -0.0177 0.1811 0.0813
v  -0.0526 0.1666 0.1983
v  -0.0171 0.1566 0.0704
v  -1.3951 0.2642 0.0122
v  -1.3886 0.3799 0.0515
v  -1.3919 0.3251 0.0187
v  -1.3881 0.3212 0.0419
v  -1.3652 0.2131 -0.0905
v  -1.3751 0.2379 -0.0829
v  -1.3605 0.2202 -0.1025
v  -0.2871 1.3558 -0.1318
v  -0.2068 1.3140 -0.1778
v  -0.2665 1.2912 -0.1025
v  -1.3637 0.2419 -0.1002
v  -1.3874 0.4502 -0.0300
v  -1.3656 0.4492 -0.0557
v  -1.3905 0.3966 -0.0427
v  -1.3710 0.4311 -0.0077
v  -0.2937 1.3673 -0.0251
v  -0.3407 1.4072 -0.0665
v  -0.2812 1.2920 -0.0032
v  -0.3474 -2.2720 -0.3191
v  -0.3473 -2.2996 -0.2684
v  -0.3708 -2.3159 -0.1854
v  -0.3335 -2.2563 -0.0968
v  -0.3904 -2.3489 -0.1026
v  -0.4861 -2.5029 0.2713
v  -0.5076 -2.5036 0.2702
v  -0.4820 -2.4980 0.2337
v  -0.5065 -2.4991 0.2308
v  -0.4653 -2.5050 0.1964
v  -0.5046 -2.5072 0.1810
v  -0.4764 -2.5227 0.1156
v  -0.5405 -2.5025 0.1554
v  -0.5192 -2.4724 0.2323
v  -0.5398 -2.4943 0.2038
v  -0.5444 -2.4993 0.2399
v  -0.5494 -2.4741 0.2017
v  -0.5217 -2.4965 0.2164
v  -0.5288 -2.5004 0.2475
v  -0.5485 -2.4717 0.1955
v  -0.5593 -2.4987 0.2154
v  -0.5535 -2.4904 0.1868
v  -0.5585 -2.4836 0.2305
v  -0.4512 -2.3425 -0.1852
v  -0.4875 -2.3951 -0.1097
v  -0.4961 -2.3123 -0.1718
v  -0.3903 -2.2761 -0.3217
v  0.4312 1.4062 -0.0974
v  -0.4182 -2.3109 -0.2713
v  -1.3637 0.3690 0.0590
v  -1.3675 0.3139 0.0496
v  -0.4602 -2.2697 -0.2605
v  -0.3776 -2.4160 -0.0301
v  -0.4352 -2.4134 -0.0649
v  -0.4071 -2.5221 0.1465
v  -0.4523 -2.4984 0.2792
v  -0.4539 -2.4989 0.2389
v  -0.4178 -2.4987 0.2737
v  -0.4043 -2.5023 0.2252
v  -1.3680 0.2134 0.0318
v  -0.5435 -2.4715 0.1680
v  -0.5566 -2.4482 0.1907
v  -1.3782 0.1865 0.0082
v  -1.3790 0.1936 -0.0036
v  -1.3761 0.3219 0.0037
v  -1.3727 0.3768 0.0083
v  -0.4613 -2.4644 0.2912
v  -1.3729 0.3831 -0.0217
v  -1.3726 0.3304 -0.0378
v  -1.3864 0.3401 -0.0564
v  -0.3393 1.4242 -0.1621
v  -0.3850 1.5233 -0.2092
v  -0.2694 1.4748 -0.2215
v  -0.2341 1.3917 -0.2031
v  -1.2813 0.5323 -0.0826
v  -1.2716 0.5210 -0.0413
v  -1.2965 0.4972 -0.0855
v  -1.2372 0.5555 -0.0461
v  -1.2203 0.5449 -0.0101
v  -1.3628 0.2125 -0.0764
v  -1.3674 0.2320 -0.0663
v  -1.3675 0.2873 -0.0900
v  -1.1999 0.5913 -0.0547
v  -1.2474 0.5610 -0.0896
v  -0.2073 -0.5197 0.1870
v  -0.3093 -0.6134 0.1963
v  -0.2236 -0.6255 0.1597
v  -0.3101 -0.5102 0.2234
v  -0.3838 -0.4988 0.1811
v  -0.3041 -0.3850 0.2509
v  -0.3883 -0.3712 0.2063
v  -0.1347 -0.3978 0.1070
v  -0.2035 -0.3916 0.2195
v  -0.2626 -0.9045 0.0510
v  -0.1777 -0.8170 0.0045
v  -0.2465 -0.8152 0.0921
v  -0.2594 0.1421 0.3196
v  -0.1280 0.2014 0.2549
v  -0.3875 0.1784 0.2774
v  -0.3834 0.2900 0.2762
v  0.3757 1.4242 -0.1619
v  0.2707 1.3917 -0.2031
v  0.3059 1.4748 -0.2214
v  -1.3313 0.3109 0.1110
v  -1.3425 0.3122 0.0959
v  -1.3267 0.3620 0.1083
v  -1.3481 0.2685 0.1006
v  -1.3400 0.2349 0.1143
v  -1.3483 0.2366 0.1003
v  0.5862 1.4781 -0.0160
v  0.5068 1.5040 0.0406
v  0.5525 1.4416 0.0163
v  0.5137 1.4041 0.0196
v  0.4406 1.4334 0.0178
v  0.4795 1.3770 -0.0033
v  0.5685 1.3472 0.0018
v  0.5305 1.3202 -0.0189
v  0.3821 -1.9659 -0.2091
v  0.3571 -1.9601 -0.1589
v  0.3727 -1.8718 -0.2173
v  0.4165 -1.8768 -0.2533
v  0.4111 -1.7863 -0.2633
v  0.3605 -1.7793 -0.2286
v  0.4085 -1.6495 -0.2819
v  0.3453 -1.6441 -0.2480
v  0.4038 -1.5342 -0.3000
v  0.3298 -1.5355 -0.2635
v  0.3952 -1.3882 -0.3241
v  -0.4062 -2.2356 -0.3251
v  -0.4731 -2.2114 -0.2391
v  -0.4177 -2.1781 -0.3095
v  -0.1886 -0.9004 -0.1243
v  -0.2341 -1.0258 -0.0623
v  -0.2110 -1.0211 -0.1557
v  0.5005 -1.3923 -0.2959
v  0.4956 -1.2479 -0.3052
v  0.3371 -1.7738 -0.1756
v  0.3153 -1.6400 -0.1831
v  0.2920 -1.1318 -0.2635
v  0.2602 -1.2660 -0.1830
v  0.2575 -1.1429 -0.1699
v  0.2875 -1.0093 -0.2288
v  0.3066 -1.3908 -0.2835
v  0.2475 -1.0211 -0.1556
v  0.3879 -1.2531 -0.3336
v  0.2737 -0.8896 -0.1885
v  0.3792 -1.1256 -0.3120
v  0.2939 -1.2565 -0.2848
v  0.2250 -0.9004 -0.1242
v  0.3639 -1.0010 -0.2700
v  0.3479 -0.8784 -0.2149
v  0.3364 -0.7872 -0.1871
v  -0.5063 -2.4249 0.1728
v  -0.4493 -2.4144 0.1806
v  -0.4755 -2.3630 0.0780
v  -0.5395 -2.4367 0.1481
v  0.4290 -0.8704 -0.1895
v  0.4549 -0.9900 -0.2437
v  0.4777 -1.1200 -0.2866
v  -0.5461 -2.4490 0.2062
v  -0.5257 -2.4445 0.2201
v  -0.5142 -2.4687 0.2029
v  -0.5177 -2.4718 0.2246
v  -0.5351 -2.4581 0.2545
v  -0.5268 -2.4821 0.2610
v  -0.5513 -2.4612 0.2460
v  -0.5541 -2.4850 0.2477
v  -0.4516 -2.4223 0.2397
v  -0.4739 -2.4626 0.2446
v  -0.4508 -2.4281 0.2803
v  -0.4696 -2.4648 0.2381
v  -0.4830 -2.4364 0.2337
v  -0.5129 -2.4382 0.2318
v  -0.4905 -2.4487 0.2769
v  -0.5156 -2.4515 0.2772
v  -0.4826 -2.4780 0.2816
v  -0.5196 -2.4841 0.2823
v  -0.4745 -2.4677 0.2352
v  -0.6029 1.4174 -0.0376
v  -0.6131 1.4390 -0.0954
v  -0.6607 1.3589 -0.0561
v  -0.5657 1.4993 -0.0792
v  -0.5498 1.4781 -0.0162
v  -0.5249 1.5655 -0.0649
v  0.5072 -0.9893 -0.1644
v  0.4825 -0.8656 -0.1220
v  0.5349 -1.1166 -0.2012
v  -0.2425 0.2395 0.3045
v  -0.1232 0.2792 0.2569
v  -0.2302 0.3454 0.2895
v  0.5556 -1.2544 -0.2136
v  0.3302 1.3673 -0.0249
v  0.3030 1.2912 -0.1024
v  0.3235 1.3558 -0.1317
v  0.2580 -0.7962 -0.1695
v  -0.1439 -0.5221 0.0785
v  -0.1446 -0.6245 0.0565
v  -0.1147 -0.5163 -0.0423
v  0.4642 -1.9698 -0.2340
v  0.5166 -2.0584 -0.1882
v  0.4578 -2.0584 -0.2422
v  0.4169 -1.9689 -0.2471
v  0.4083 -2.0576 -0.2505
v  -0.1201 -0.6216 -0.0672
v  0.4599 1.3702 -0.0555
v  0.4596 1.3711 -0.1150
v  0.5067 1.3190 -0.0703
v  -0.3091 -2.2415 -0.2623
v  -0.3120 -2.1871 -0.1844
v  -0.3220 -2.2510 -0.1851
v  -0.3341 -2.2256 -0.3236
v  -0.3064 -2.1779 -0.2510
v  0.3802 -2.0622 -0.2038
v  0.4297 1.4153 -0.0354
v  0.4269 -2.2761 -0.3216
v  0.3840 -2.2720 -0.3190
v  0.4428 -2.2356 -0.3249
v  0.3706 -2.2256 -0.3235
v  0.3457 -2.2415 -0.2622
v  0.3477 -2.0556 -0.1560
v  0.3527 -1.8664 -0.1675
v  0.2940 -1.5327 -0.1867
v  0.3838 -2.2996 -0.2683
v  0.4547 -2.3109 -0.2711
v  0.4967 -2.2697 -0.2603
v  0.4877 -2.3425 -0.1850
v  0.2692 -1.3903 -0.1894
v  0.5061 -1.8692 -0.1244
v  0.5146 -1.7864 -0.1957
v  0.5135 -1.7813 -0.1247
v  0.5301 -1.6574 -0.2048
v  0.5271 -1.6559 -0.1226
v  0.5390 -1.5418 -0.1221
v  0.4953 -1.5437 -0.0492
v  0.5487 -1.4002 -0.1143
v  0.4987 -1.4045 -0.0365
v  0.5517 -1.2599 -0.1108
v  0.4946 -1.2645 -0.0200
v  0.5371 -1.1248 -0.0975
v  0.4802 -1.8634 -0.0700
v  0.4802 -1.7764 -0.0673
v  0.4867 -1.6534 -0.0575
v  -1.3824 0.2151 0.0277
v  -1.3881 0.2106 0.0074
v  -1.3723 0.1934 0.0233
v  -1.3790 0.2150 -0.0066
v  -1.3785 0.2630 -0.0033
v  -0.0177 0.1811 0.0813
v  -0.0526 0.1666 0.1983
v  -0.0171 0.1566 0.0704
v  -1.3951 0.2642 0.0122
v  -1.3886 0.3799 0.0515
v  -1.3919 0.3251 0.0187
v  -1.3881 0.3212 0.0419
v  -1.3652 0.2131 -0.0905
v  -1.3751 0.2379 -0.0829
v  -1.3605 0.2202 -0.1025
v  -0.2871 1.3558 -0.1318
v  -0.2068 1.3140 -0.1778
v  -0.2665 1.2912 -0.1025
v  -1.3637 0.2419 -0.1002
v  -1.3874 0.4502 -0.0300
v  -1.3656 0.4492 -0.0557
v  -1.3905 0.3966 -0.0427
v  -1.3710 0.4311 -0.0077
v  -0.2937 1.3673 -0.0251
v  -0.3407 1.4072 -0.0665
v  -0.2812 1.2920 -0.0032
v  -0.3474 -2.2720 -0.3191
v  -0.3473 -2.2996 -0.2684
v  -0.3708 -2.3159 -0.1854
v  -0.3335 -2.2563 -0.0968
v  -0.3904 -2.3489 -0.1026
v  -0.4861 -2.5029 0.2713
v  -0.5076 -2.5036 0.2702
v  -0.4820 -2.4980 0.2337
v  -0.5065 -2.4991 0.2308
v  -0.4653 -2.5050 0.1964
v  -0.5046 -2.5072 0.1810
v  -0.4764 -2.5227 0.1156
v  -0.5405 -2.5025 0.1554
v  -0.5192 -2.4724 0.2323
v  -0.5398 -2.4943 0.2038
v  -0.5444 -2.4993 0.2399
v  -0.5494 -2.4741 0.2017
v  -0.5217 -2.4965 0.2164
v  -0.5288 -2.5004 0.2475
v  -0.5485 -2.4717 0.1955
v  -0.5593 -2.4987 0.2154
v  -0.5535 -2.4904 0.1868
v  -0.5585 -2.4836 0.2305
v  -0.4512 -2.3425 -0.1852
v  -0.4875 -2.3951 -0.1097
v  -0.4961 -2.3123 -0.1718
v  -0.3903 -2.2761 -0.3217
v  0.4312 1.4062 -0.0974
v  -0.4182 -2.3109 -0.2713
v  -1.3637 0.3690 0.0590
v  -1.3375 0.2662 0.1138
v  -1.3526 0.2233 0.1060
v  -1.3425 0.3604 0.0480
v  -1.3307 0.4046 0.0580
v  -0.1575 -0.3911 -0.1265
v  -0.1100 -0.4028 -0.0227
v  -0.1700 -0.5072 -0.1294
v  -1.3591 0.4199 0.0672
v  -1.3672 0.1903 -0.0069
v  -1.3642 0.2096 -0.0091
v  -1.3535 0.2053 0.0022
v  -1.3523 0.2514 0.0102
v  -1.3624 0.1860 0.0030
v  -1.3609 0.1893 0.0161
v  -1.3542 0.2067 0.0208
v  -1.3457 0.3098 0.0205
v  -1.3395 0.3597 0.0261
v  -1.3492 0.3088 0.0407
v  0.2433 1.3140 -0.1777
v  0.3772 1.4072 -0.0664
v  0.3231 1.3646 0.0553
v  0.3176 1.2920 -0.0031
v  -1.3565 0.3158 0.0039
v  -1.3508 0.3665 0.0097
v  -0.5678 -2.4627 0.2219
v  -0.5833 -2.4897 0.2116
v  -1.3626 0.2567 -0.0038
v  -1.3714 0.2758 -0.0522
v  -1.3494 0.3236 -0.0403
v  -1.3498 0.2715 -0.0542
v  -1.3486 0.2290 -0.0678
v  -1.3521 0.2123 -0.0774
v  -1.3481 0.2116 -0.0905
v  -1.3381 0.2311 -0.0843
v  -1.3405 0.2738 -0.0718
v  -1.3492 0.2192 -0.1023
v  -1.3441 0.2384 -0.1005
v  -1.3515 0.2779 -0.1648
v  -1.3455 0.3030 -0.1653
v  -1.3425 0.2904 -0.1504
v  0.5096 -2.2114 -0.2390
v  0.4542 -2.1781 -0.3093
v  -1.3672 0.2881 -0.1623
v  -1.1960 0.7255 -0.0988
v  -1.1758 0.8128 -0.1146
v  -1.1462 0.7879 -0.1234
v  -1.1732 0.3660 0.1637
v  -1.1487 0.3626 0.1776
v  -1.1606 0.3495 0.1878
v  -1.1533 0.3777 0.1548
v  -1.1899 0.3831 0.1678
v  -1.1744 0.4218 0.1341
v  -1.2738 0.6466 -0.0950
v  -1.2428 0.6260 -0.1113
v  -1.3005 0.6036 -0.1033
v  -1.2222 0.6760 -0.0941
v  -1.2146 0.6024 -0.0914
v  -1.1990 0.6549 -0.0812
v  -1.2702 0.5816 -0.1168
v  -1.2970 0.5495 -0.1115
v  -1.3259 0.5679 -0.1047
v  -1.1599 0.6246 -0.0337
v  -1.1698 0.5684 -0.0189
v  -1.1811 0.6370 -0.0578
v  -1.3113 0.5185 -0.1122
v  0.4073 -2.3159 -0.1853
v  0.3700 -2.2563 -0.0966
v  0.3585 -2.2510 -0.1849
v  -1.1292 0.5890 0.0160
v  0.4903 -2.4989 0.2390
v  0.5102 -2.4626 0.2447
v  0.4887 -2.4983 0.2794
v  0.4977 -2.4644 0.2914
v  0.5225 -2.5029 0.2715
v  0.5439 -2.5036 0.2704
v  0.5189 -2.4780 0.2818
v  -1.3468 0.3131 0.1374
v  -1.3320 0.3109 0.1289
v  -1.3372 0.3654 0.1376
v  -1.2993 0.4119 0.1230
v  -1.3235 0.3623 0.1257
v  -1.3013 0.4056 0.0979
v  0.5559 -2.4841 0.2825
v  0.5016 -2.5050 0.1965
v  0.5183 -2.4980 0.2339
v  0.5109 -2.4677 0.2353
v  0.5059 -2.4648 0.2383
v  -0.4091 -2.4634 0.2869
v  -1.3364 0.5334 -0.1122
v  -1.3443 0.5031 -0.1165
v  -1.3393 0.2667 0.1305
v  -1.3418 0.2346 0.1304
v  -1.3492 0.2200 0.1156
v  -1.3481 0.2208 0.1270
v  -1.3546 0.2377 0.1371
v  -1.3471 0.4297 0.1307
v  -1.3608 0.4291 0.1060
v  -1.3611 0.3702 0.1337
v  -1.3498 0.4756 0.1009
v  -1.2750 0.6765 0.0287
v  -1.2641 0.7173 -0.0240
v  -1.2923 0.6711 -0.0203
v  -1.3184 0.6057 0.0408
v  -1.2816 0.5991 0.0913
v  -1.3233 0.5296 0.0915
v  -1.3606 0.3156 0.0964
v  -1.3376 0.3625 0.0931
v  -1.3630 0.2721 0.0998
v  -1.3196 0.4203 0.1364
v  -1.3296 0.4767 0.1271
v  0.5556 -2.4724 0.2325
v  0.5429 -2.4990 0.2310
v  0.5506 -2.4686 0.2031
v  0.5410 -2.5072 0.1811
v  0.5580 -2.4965 0.2166
v  -1.3311 0.6130 -0.0184
v  -1.3638 0.5293 0.0246
v  -1.2920 0.6598 -0.0642
v  -1.3622 0.2407 0.1023
v  -1.3622 0.2245 0.1072
v  -1.2708 0.7112 -0.0672
v  0.5541 -2.4718 0.2247
v  0.2726 1.3660 0.4993
v  0.3066 1.3873 0.4551
v  0.2656 1.4179 0.4735
v  0.2230 1.4051 0.4932
v  0.2578 1.4599 0.4466
v  0.1683 1.4377 0.4672
v  0.5652 -2.5004 0.2476
v  0.5632 -2.4821 0.2612
v  -1.3867 0.4338 0.0300
v  -1.3786 0.4765 0.0588
v  -1.3844 0.4794 0.0321
v  -1.3840 0.4305 0.0551
v  -1.3919 0.3839 0.0247
v  -1.3615 0.4644 0.0767
v  -1.3375 0.4072 -0.0143
v  -1.3698 0.4260 0.0078
v  0.5905 -2.4850 0.2479
v  -1.3731 0.3169 0.1128
v  -1.3568 0.3669 0.0894
v  -1.3753 0.2724 0.1141
v  -1.3700 0.2371 0.1142
v  -1.3617 0.2192 0.1176
v  -1.3590 0.2224 0.1312
v  -1.3675 0.2398 0.1315
v  -1.3468 0.2815 -0.0881
v  -1.3662 0.3154 0.1330
v  -1.3701 0.2713 0.1340
v  -1.3721 0.3716 0.1087
v  0.5849 -2.4717 0.1957
v  0.5957 -2.4987 0.2156
v  0.5949 -2.4836 0.2307
v  0.6197 -2.4897 0.2118
v  0.4058 1.4209 -0.0799
v  -1.3696 0.2789 -0.1485
v  -1.3542 0.2719 -0.1478
v  0.4553 1.4297 -0.1521
v  0.4877 1.3975 -0.1655
v  0.5065 1.3255 -0.1275
v  0.5825 -2.4490 0.2064
v  0.5799 -2.4715 0.1682
v  0.5759 -2.4367 0.1483
v  -0.3151 1.3293 0.3948
v  -0.3336 1.3985 0.3085
v  -0.3355 1.3194 0.3284
v  0.5621 -2.4445 0.2203
v  0.5714 -2.4580 0.2547
v  -0.1888 1.3271 0.5010
v  -0.2065 1.2507 0.4679
v  -0.1325 1.2875 0.4878
v  -0.1771 1.3646 0.5032
v  -0.1085 1.3566 0.4876
v  -0.1867 1.4051 0.4931
v  -0.2363 1.3660 0.4992
v  -0.2293 1.4179 0.4735
v  -0.2236 1.3076 0.4888
v  -0.2640 1.3096 0.4643
v  -1.1184 0.7617 -0.1056
v  -1.1729 0.7029 -0.0839
v  -0.2215 1.4599 0.4465
v  -0.2703 1.3873 0.4550
v  -0.2789 1.3463 0.4531
v  -1.2013 0.4726 0.1392
v  -1.2118 0.4888 0.1277
v  -1.1990 0.4635 0.1200
v  -1.1942 0.4376 0.1568
v  -0.3011 1.4144 0.3964
v  -0.4235 1.3702 -0.0556
v  -0.4430 1.3771 -0.0035
v  -0.4702 1.3190 -0.0705
v  -1.1924 0.3937 0.1780
v  -1.1915 0.4285 0.1431
v  -1.1875 0.3672 0.1895
v  0.5876 -2.4612 0.2462
v  0.5857 -2.4741 0.2019
v  -1.3772 0.4942 -0.0576
v  -1.3735 0.5056 -0.0947
v  -1.3619 0.5432 -0.0813
v  -1.1757 0.3495 0.1942
v  0.5493 -2.4382 0.2320
v  0.5520 -2.4515 0.2774
v  -1.3282 0.6037 -0.0744
v  -1.3703 0.5330 -0.0269
v  0.3485 -2.1871 -0.1843
v  0.3429 -2.1779 -0.2509
v  -1.2417 0.6690 0.0706
v  -1.2424 0.7175 0.0171
v  -1.1931 0.4872 0.1483
v  -1.1665 0.4513 0.1744
v  -1.1640 0.4927 0.1555
v  -1.1960 0.5194 0.1415
v  1.4060 0.2789 -0.1481
v  1.4037 0.2881 -0.1618
v  1.4051 0.3016 -0.1357
v  -1.1853 0.4463 0.1684
v  -1.1361 0.6723 -0.0004
v  -1.1404 0.6287 -0.0007
v  1.4251 0.3799 0.0520
v  1.4002 0.3690 0.0595
v  1.4245 0.3212 0.0423
v  1.3955 0.4199 0.0676
v  -1.2659 0.5214 0.1289
v  -1.2338 0.5922 0.1136
v  -1.1412 0.4746 0.1135
v  -1.1553 0.4652 0.0957
v  -1.1326 0.5062 0.0913
v  -1.1694 0.3611 0.2104
v  -1.1512 0.3605 0.1989
v  -1.1656 0.4004 0.1925
v  -1.1828 0.3682 0.2032
v  -1.1835 0.3988 0.1895
v  -0.0368 1.3325 0.4484
v  -1.2966 0.4669 0.1362
v  -1.1483 0.4456 0.1610
v  -1.1421 0.4864 0.1360
v  -1.1577 0.5232 0.1449
v  -1.3522 0.2688 0.1386
v  1.3103 0.6466 -0.0945
v  1.2868 0.6956 -0.0912
v  1.3285 0.6598 -0.0638
v  -1.3813 0.4744 0.0065
v  1.3370 0.6036 -0.1029
v  -1.1488 0.3961 0.1824
v  -1.1460 0.4337 0.1418
v  -0.4982 1.3540 -0.1772
v  -0.4512 1.3975 -0.1656
v  -0.4700 1.3256 -0.1277
v  -0.5452 1.3977 -0.1989
v  -0.4984 1.4435 -0.1900
v  -0.3317 1.4451 -0.0085
v  -0.4609 1.4831 -0.1790
v  -0.4188 1.4297 -0.1523
v  -0.5453 1.4882 -0.1519
v  -0.5924 1.4360 -0.1636
v  1.3729 0.5334 -0.1117
v  1.4100 0.5056 -0.0942
v  1.3808 0.5031 -0.1160
v  1.3647 0.6038 -0.0739
v  -0.3932 1.4154 -0.0355
v  -0.4041 1.4334 0.0177
v  -0.4773 1.4041 0.0194
v  -0.4941 1.3203 -0.0191
v  -0.4335 1.4636 0.0411
v  -0.5161 1.4416 0.0161
v  -0.4704 1.5040 0.0404
v  -0.5052 1.5445 0.0072
v  -0.6317 1.3255 -0.0230
v  -0.5711 1.3825 -0.0046
v  -0.5320 1.3472 0.0017
v  -0.5938 1.2902 -0.0138
v  -0.6518 1.3813 -0.1749
v  -0.6702 1.3808 -0.1102
v  1.3624 0.5679 -0.1042
v  1.3984 0.5432 -0.0809
v  1.3334 0.5495 -0.1110
v  1.3478 0.5185 -0.1117
v  -1.3697 0.3099 -0.1517
v  -1.3597 0.3115 -0.1629
v  1.2325 0.7255 -0.0984
v  1.2587 0.6760 -0.0937
v  1.2093 0.7029 -0.0835
v  1.1964 0.6247 -0.0333
v  1.1726 0.6723 -0.0000
v  1.1945 0.6769 -0.0471
v  1.1657 0.5890 0.0164
v  1.1769 0.6287 -0.0003
v  0.2990 -0.9045 0.0510
v  0.2395 -0.9068 -0.0258
v  0.3246 -1.0259 0.0266
v  -1.2503 0.6956 -0.0916
v  0.2142 -0.8170 0.0046
v  1.3357 0.4118 0.1234
v  1.3599 0.3622 0.1261
v  1.3559 0.4203 0.1368
v  1.2239 0.3672 0.1899
v  1.2096 0.3660 0.1641
v  1.2263 0.3831 0.1682
v  0.2600 -0.6255 0.1598
v  0.1810 -0.6245 0.0565
v  0.2625 -0.7145 0.1364
v  0.1803 -0.5221 0.0785
v  0.2436 -0.5197 0.1871
v  0.1711 -0.3978 0.1070
v  0.2399 -0.3916 0.2196
v  0.1628 -0.2571 0.1311
v  0.3465 -0.5102 0.2235
v  0.3457 -0.6135 0.1965
v  0.3557 -0.7049 0.1816
v  0.4202 -0.4988 0.1813
v  0.3404 -0.3850 0.2510
v  0.4210 -0.6010 0.1489
v  -1.1336 0.5152 0.1185
v  0.4506 -0.4858 0.0821
v  0.4591 -0.3640 -0.0077
v  0.4654 -0.3641 0.1016
v  -0.4231 1.3711 -0.1151
v  -0.3947 1.4062 -0.0975
v  0.4546 -0.4827 -0.0138
v  0.4432 -0.5901 0.0597
v  1.2120 0.3495 0.1946
v  1.1969 0.3495 0.1882
v  1.1851 0.3626 0.1780
v  1.1897 0.3777 0.1552
v  1.1803 0.3880 0.1650
v  1.1936 0.4248 0.1312
v  1.2020 0.4004 0.1929
v  1.1876 0.3605 0.1993
v  1.2058 0.3610 0.2108
v  1.1852 0.3961 0.1828
v  0.0434 0.1566 0.0704
v  0.0810 0.1666 0.1984
v  0.0440 0.1811 0.0814
v  1.1847 0.4456 0.1614
v  -0.4623 -1.4046 -0.0366
v  -0.5122 -1.4002 -0.1145
v  -0.4588 -1.5437 -0.0494
v  -0.5152 -1.2599 -0.1110
v  -0.4581 -1.2645 -0.0201
v  -0.5006 -1.1248 -0.0977
v  -0.4465 -1.1372 -0.0051
v  -0.4717 -0.9986 -0.0747
v  -0.4224 -1.0087 0.0144
v  -0.4379 -0.8683 -0.0334
v  -0.4437 -1.7764 -0.0674
v  -0.4906 -1.6559 -0.1228
v  -0.4770 -1.7813 -0.1248
v  -0.4503 -1.6535 -0.0577
v  -0.3941 -1.7732 -0.0457
v  -0.3911 -1.6514 -0.0311
v  -0.3928 -1.5451 -0.0173
v  0.1465 -0.4028 -0.0227
v  0.1512 -0.5163 -0.0423
v  -0.3922 -1.4010 0.0027
v  -0.3867 -1.2760 0.0221
v  -0.3745 -1.1460 0.0411
v  -0.4463 -1.6547 -0.2659
v  -0.4541 -1.5335 -0.2792
v  -0.3719 -1.6495 -0.2820
v  -0.3746 -1.7863 -0.2634
v  -0.4369 -1.7886 -0.2492
v  -0.4936 -1.6574 -0.2050
v  -0.4781 -1.7864 -0.1958
v  1.2287 0.3936 0.1784
v  -0.5025 -1.5418 -0.1223
v  -0.5191 -1.2544 -0.2137
v  -0.4984 -1.1167 -0.2014
v  -0.5164 -1.3941 -0.2188
v  -0.5028 -1.5375 -0.2122
v  0.4269 -2.3489 -0.1024
v  0.5240 -2.3951 -0.1095
v  0.4717 -2.4134 -0.0648
v  -0.4640 -1.3923 -0.2960
v  -0.3925 -0.8704 -0.1896
v  -0.4460 -0.8656 -0.1222
v  -0.3789 -0.7780 -0.1564
v  -0.4707 -0.9893 -0.1646
v  -0.4183 -0.9900 -0.2439
v  -0.4411 -1.1200 -0.2867
v  -0.3706 -0.4864 -0.1093
v  -0.2595 -0.3750 -0.1511
v  -0.2651 -0.4963 -0.1536
v  -0.3735 -0.5904 -0.1188
v  -0.3114 -0.8784 -0.2150
v  -0.2999 -0.7872 -0.1872
v  0.5326 -2.3123 -0.1716
v  -0.2215 -0.7962 -0.1695
v  -0.1592 -0.8113 -0.1076
v  -0.2372 -0.8896 -0.1886
v  -0.2510 -1.0093 -0.2289
v  -0.2210 -1.1429 -0.1700
v  -0.2555 -1.1318 -0.2636
v  -0.2237 -1.2660 -0.1830
v  -0.2574 -1.2565 -0.2849
v  -0.2327 -1.3903 -0.1895
v  -0.2700 -1.3908 -0.2836
v  -0.2575 -1.5327 -0.1868
v  -0.2932 -1.5355 -0.2636
v  -0.3274 -1.0010 -0.2701
v  -0.3426 -1.1256 -0.3121
v  -0.3513 -1.2532 -0.3337
v  -0.4591 -1.2479 -0.3054
v  0.5762 -2.4943 0.2040
v  0.5769 -2.5025 0.1556
v  0.5808 -2.4993 0.2401
v  1.2192 0.3682 0.2036
v  -0.3587 -1.3882 -0.3242
v  1.1824 0.4337 0.1422
v  -0.3672 -1.5342 -0.3001
v  0.5128 -2.5227 0.1158
v  -0.3087 -1.6441 -0.2481
v  -0.3240 -1.7793 -0.2288
v  -0.3362 -1.8718 -0.2174
v  0.4215 1.5232 -0.2090
v  0.4184 1.4414 -0.1463
v  -0.1862 -0.6132 -0.1377
v  -0.3800 -1.8768 -0.2535
v  -0.3006 -1.7738 -0.1757
v  0.4974 1.4830 -0.1788
v  0.5349 1.4435 -0.1899
v  0.5347 1.3540 -0.1770
v  0.5817 1.3977 -0.1987
v  0.5926 1.3003 -0.1932
v  -0.3162 -1.8664 -0.1676
v  -0.3206 -1.9601 -0.1590
v  -0.3456 -1.9659 -0.2092
v  -0.4708 -1.9671 -0.1839
v  -0.4676 -2.0553 -0.1087
v  -0.4653 -1.9597 -0.1192
v  -0.4277 -1.9698 -0.2342
v  -0.4801 -2.0584 -0.1884
v  0.6289 1.4360 -0.1634
v  0.6415 1.3460 -0.2094
v  -0.4340 -1.8776 -0.2398
v  -0.3804 -1.9689 -0.2472
v  0.5818 1.4882 -0.1517
v  -0.4708 -1.8748 -0.1886
v  0.6496 1.4389 -0.0952
v  0.6021 1.4993 -0.0790
v  -0.4696 -1.8692 -0.1246
v  -0.4437 -1.8634 -0.0702
v  -0.4422 -1.9498 -0.0645
v  0.5614 1.5655 -0.0647
v  0.5417 1.5445 0.0074
v  0.6393 1.4174 -0.0374
v  0.6076 1.3825 -0.0044
v  0.6682 1.3255 -0.0228
v  0.6972 1.3589 -0.0559
v  -0.3984 -1.8597 -0.0533
v  -0.3594 -1.8596 -0.0756
v  -0.4001 -1.9452 -0.0491
v  -0.3685 -1.9478 -0.0743
v  -0.3218 -1.8623 -0.1143
v  -0.3278 -1.9531 -0.1092
v  -0.3475 -1.7717 -0.0717
v  -0.3370 -1.6466 -0.0614
v  -0.3287 -1.5408 -0.0502
v  0.6303 1.2902 -0.0136
v  -0.2788 -1.6400 -0.1832
v  -0.3112 -2.0556 -0.1561
v  -0.3437 -2.0622 -0.2039
v  -0.3086 -1.7721 -0.1158
v  -0.2926 -1.6412 -0.1119
v  -0.2776 -1.5341 -0.1064
v  -0.3207 -1.3991 -0.0336
v  -0.3156 -1.2807 -0.0214
v  -0.2448 -1.1513 -0.0802
v  -0.2589 -1.3931 -0.0989
v  -0.2492 -1.2739 -0.0934
v  -0.3058 -1.1539 -0.0043
v  -0.2881 -1.0259 0.0265
v  -0.2031 -0.9068 -0.0258
v  -0.3717 -2.0576 -0.2507
v  -0.3590 -1.0224 0.0601
v  -0.3413 -0.8922 0.1048
v  -0.4213 -2.0584 -0.2424
v  -0.3175 -2.0471 -0.1023
v  -0.3992 -0.8819 0.0461
v  -0.3846 -0.6010 0.1487
v  -0.4142 -0.4858 0.0819
v  -0.4290 -0.3641 0.1014
v  -0.4182 -0.4827 -0.0140
v  -0.4068 -0.5901 0.0596
v  -0.4354 -0.7720 -0.0900
v  -0.4226 -0.3640 -0.0078
v  -0.3654 -0.3684 -0.1044
v  -0.4245 -0.5837 -0.0365
v  -0.4370 -0.2204 -0.0053
v  -0.3633 -0.2297 -0.1194
v  -0.1028 0.4587 -0.3214
v  -0.0314 0.3697 -0.2860
v  -0.1475 0.3590 -0.3151
v  1.3820 0.3030 -0.1648
v  1.3962 0.3115 -0.1624
v  1.4002 0.2419 -0.0997
v  1.3833 0.2815 -0.0876
v  1.4040 0.2873 -0.0895
v  1.3993 0.2124 -0.0759
v  1.3886 0.2123 -0.0769
v  1.4017 0.2131 -0.0900
v  1.3850 0.2290 -0.0673
v  1.4039 0.2320 -0.0658
v  1.3862 0.2715 -0.0538
v  1.4074 0.4311 -0.0072
v  1.3740 0.4072 -0.0139
v  1.4094 0.3831 -0.0212
v  0.0183 0.5040 -0.2748
v  0.0982 0.6285 -0.2513
v  0.1393 0.4587 -0.3213
v  1.4154 0.2150 -0.0061
v  1.3990 0.2567 -0.0034
v  1.4149 0.2630 -0.0028
v  0.0807 0.2223 0.2020
v  0.0395 0.2211 0.0904
v  0.2772 0.2395 0.3046
v  0.1551 0.2792 0.2570
v  0.1594 0.2014 0.2549
v  0.4237 0.1784 0.2776
v  0.2946 0.1421 0.3197
v  0.4359 0.0426 0.2665
v  1.3986 0.2407 0.1028
v  1.3845 0.2685 0.1011
v  1.3994 0.2721 0.1002
v  0.5016 0.1946 0.1396
v  0.4197 0.2900 0.2763
v  1.3847 0.2366 0.1008
v  1.3986 0.2245 0.1077
v  1.3736 0.3654 0.1381
v  0.4699 1.4636 0.0413
v  0.1940 -0.3911 -0.1265
v  0.2065 -0.5072 -0.1294
v  0.3016 -0.4963 -0.1535
v  0.2227 -0.6133 -0.1377
v  0.2960 -0.3750 -0.1510
v  0.4070 -0.4864 -0.1092
v  0.4019 -0.3684 -0.1043
v  0.3998 -0.2297 -0.1193
v  0.4100 -0.5904 -0.1187
v  0.3141 -0.6031 -0.1592
v  0.4610 -0.5837 -0.0364
v  0.5427 -2.4249 0.1730
v  0.5194 -2.4364 0.2338
v  0.4856 -2.4144 0.1807
v  0.5269 -2.4487 0.2770
v  0.4872 -2.4281 0.2805
v  0.4879 -2.4223 0.2399
v  0.4540 -2.4290 0.2776
v  0.5082 -0.9986 -0.0746
v  0.4355 -2.4222 0.2320
v  0.4455 -2.4634 0.2870
v  0.4829 -1.1372 -0.0049
v  0.4588 -1.0087 0.0145
v  0.3954 -1.0224 0.0602
v  0.4356 -0.8819 0.0462
v  0.3777 -0.8922 0.1049
v  0.4110 -1.1460 0.0412
v  0.4231 -1.2760 0.0223
v  0.4286 -1.4010 0.0028
v  -0.0069 0.2519 -0.0427
v  -0.0129 0.2211 0.0904
v  1.2377 0.4726 0.1396
v  1.2217 0.4463 0.1688
v  1.2305 0.4376 0.1572
v  0.2829 -0.8152 0.0922
v  -0.0164 0.2145 -0.0777
v  1.4238 0.4502 -0.0295
v  1.4137 0.4942 -0.0572
v  1.4254 0.4892 -0.0228
v  0.3422 -1.1539 -0.0042
v  0.3521 -1.2807 -0.0212
v  1.4232 0.4339 0.0305
v  1.4151 0.4765 0.0593
v  1.4204 0.4305 0.0556
v  1.3980 0.4644 0.0771
v  0.2813 -1.1513 -0.0802
v  0.2856 -1.2739 -0.0933
v  0.2705 -1.0258 -0.0622
v  1.3548 0.6057 0.0412
v  1.3856 0.5257 0.0629
v  1.4003 0.5293 0.0251
v  1.3676 0.6130 -0.0179
v  1.3287 0.6711 -0.0199
v  -0.0616 0.6426 -0.2514
v  0.0183 0.6204 -0.2310
v  -0.1937 0.5307 -0.2958
v  1.3114 0.6765 0.0291
v  1.3180 0.5991 0.0918
v  1.2781 0.6691 0.0710
v  1.3005 0.7173 -0.0236
v  1.2788 0.7175 0.0175
v  1.3073 0.7112 -0.0667
v  0.2954 -1.3931 -0.0988
v  0.3141 -1.5341 -0.1063
v  0.3450 -1.7721 -0.1157
v  0.3583 -1.8623 -0.1141
v  0.3643 -1.9531 -0.1091
v  1.4068 0.5331 -0.0264
v  0.3959 -1.8596 -0.0754
v  0.3840 -1.7717 -0.0715
v  1.2838 0.5610 -0.0891
v  1.3178 0.5323 -0.0821
v  1.2737 0.5555 -0.0457
v  1.3080 0.5210 -0.0409
v  0.3734 -1.6466 -0.0613
v  1.2567 0.5449 -0.0097
v  1.2364 0.5913 -0.0543
v  1.2511 0.6025 -0.0910
v  1.3067 0.5816 -0.1164
v  1.3330 0.4972 -0.0850
v  0.3291 -1.6412 -0.1118
v  0.0182 0.4042 -0.2608
v  0.0679 0.3697 -0.2860
v  0.3652 -1.5408 -0.0501
v  1.2793 0.6260 -0.1108
v  0.3572 -1.3991 -0.0335
v  0.4293 -1.5451 -0.0171
v  0.4276 -1.6514 -0.0309
v  1.2176 0.6370 -0.0574
v  0.4306 -1.7732 -0.0455
v  1.2062 0.5684 -0.0185
v  0.4348 -1.8597 -0.0532
v  0.4365 -1.9452 -0.0489
v  0.5018 -1.9597 -0.1190
v  0.5041 -2.0553 -0.1086
v  0.5073 -1.9671 -0.1837
v  0.4787 -1.9498 -0.0643
v  0.5073 -1.8748 -0.1884
v  0.4705 -1.8776 -0.2397
v  0.0359 0.2519 -0.0427
v  0.0458 0.2145 -0.0777
v  1.2108 0.4218 0.1346
v  1.2279 0.4285 0.1435
v  0.4829 -1.6547 -0.2658
v  0.4734 -1.7886 -0.2491
v  0.5529 -1.3941 -0.2186
v  0.5393 -1.5375 -0.2121
v  1.3880 0.2779 -0.1643
v  0.1566 -0.6216 -0.0671
v  0.1957 -0.8113 -0.1075
v  0.4907 -1.5335 -0.2791
v  0.3540 -2.0470 -0.1022
v  1.3907 0.2719 -0.1473
v  1.3790 0.2904 -0.1500
v  1.3889 0.2933 -0.1324
v  0.2251 1.3271 0.5010
v  0.2134 1.3646 0.5033
v  0.1448 1.3566 0.4877
v  1.2295 0.4872 0.1487
v  1.3806 0.2384 -0.1001
v  1.3969 0.2202 -0.1020
v  0.1688 1.2875 0.4879
v  0.0731 1.3325 0.4485
v  0.1288 1.2474 0.4575
v  1.3746 0.3253 -0.0577
v  1.3714 0.3721 -0.0463
v  1.3832 0.3346 -0.0756
v  0.2428 1.2507 0.4680
v  0.3152 1.3463 0.4532
v  0.3374 1.4144 0.3965
v  0.3514 1.3293 0.3949
v  0.3700 1.3985 0.3086
v  1.3845 0.2116 -0.0901
v  1.3989 0.1860 0.0035
v  1.4037 0.1903 -0.0064
v  1.4146 0.1865 0.0087
v  1.3973 0.1893 0.0165
v  1.4088 0.1934 0.0237
v  0.3003 1.3097 0.4644
v  0.3110 1.2465 0.4138
v  1.4039 0.3139 0.0501
v  1.3856 0.3088 0.0412
v  1.4047 0.2578 0.0414
v  0.2599 1.3076 0.4889
v  1.3858 0.3236 -0.0398
v  1.3770 0.2738 -0.0713
v  1.3746 0.2311 -0.0839
v  1.4079 0.2758 -0.0517
v  1.4091 0.3304 -0.0373
v  1.3822 0.3711 -0.0268
v  1.3900 0.2053 0.0026
v  1.4007 0.2097 -0.0086
v  1.3822 0.3098 0.0210
v  1.3887 0.2515 0.0107
v  1.3929 0.3157 0.0043
v  1.3759 0.3597 0.0265
v  1.3856 0.2192 -0.1018
v  1.3604 0.3973 0.0273
v  1.3872 0.3665 0.0101
v  1.4155 0.1936 -0.0031
v  1.3906 0.2067 0.0212
v  1.3891 0.2521 0.0308
v  1.3790 0.3604 0.0485
v  1.4115 0.2379 -0.0824
v  1.4044 0.2134 0.0322
v  1.4245 0.2106 0.0079
v  1.3671 0.4046 0.0585
v  1.4316 0.2642 0.0127
v  1.4188 0.2151 0.0282
v  1.4265 0.2622 0.0362
v  1.3890 0.2233 0.1064
v  1.3981 0.2192 0.1180
v  1.3954 0.2224 0.1316
v  1.3845 0.2208 0.1275
v  1.3856 0.2200 0.1161
v  1.3764 0.2349 0.1147
v  1.4283 0.3251 0.0192
v  1.3677 0.3109 0.1115
v  1.3739 0.2662 0.1143
v  1.3789 0.3122 0.0963
v  1.4283 0.3839 0.0252
v  1.4091 0.3768 0.0088
v  1.3684 0.3109 0.1293
v  1.3757 0.2667 0.1310
v  1.3782 0.2346 0.1308
v  1.3909 0.2377 0.1376
v  1.4063 0.4260 0.0082
v  1.4177 0.4744 0.0070
v  1.4209 0.4794 0.0326
v  1.2482 0.4888 0.1281
v  0.6883 1.3813 -0.1747
v  1.2703 0.5922 0.1140
v  1.4039 0.2398 0.1319
v  1.3886 0.2688 0.1391
v  1.4064 0.2371 0.1146
v  1.4095 0.3169 0.1133
v  1.3970 0.3156 0.0968
v  1.3932 0.3669 0.0899
v  1.4085 0.3715 0.1092
v  1.4270 0.3966 -0.0423
v  1.1549 0.7617 -0.1053
v  1.1077 0.8589 -0.1610
v  1.1827 0.7879 -0.1230
v  1.2123 0.8128 -0.1142
v  1.2616 0.7481 -0.0978
v  1.4117 0.2724 0.1146
v  1.2004 0.4927 0.1559
v  1.2324 0.5194 0.1419
v  1.1941 0.5232 0.1453
v  1.2029 0.4513 0.1748
v  1.4065 0.2713 0.1344
v  1.1784 0.4864 0.1364
v  1.1700 0.5152 0.1189
v  1.4026 0.3154 0.1335
v  1.3975 0.3702 0.1342
v  1.3832 0.3131 0.1379
v  1.3835 0.4297 0.1311
v  1.3863 0.4756 0.1013
v  1.3660 0.4767 0.1275
v  1.2199 0.3988 0.1900
v  1.3023 0.5214 0.1293
v  1.3388 0.5267 0.1141
v  0.9417 0.9775 -0.2125
v  0.9858 0.8822 -0.1592
v  0.9026 0.9391 -0.1642
v  1.0253 0.9187 -0.1951
v  1.0657 0.8266 -0.1399
v  1.2921 0.4894 0.1180
v  1.2633 0.5049 0.1233
v  0.8432 0.9908 -0.1670
v  1.3597 0.5296 0.0920
v  1.3972 0.4291 0.1065
v  0.8044 1.0296 -0.1686
v  0.8772 1.0310 -0.2208
v  0.8387 1.0692 -0.2288
v  0.7579 1.0644 -0.1724
v  0.7968 1.1103 -0.2314
v  0.7218 1.1169 -0.1685
v  0.6838 1.1637 -0.1608
v  0.7529 1.1558 -0.2240
v  1.2268 0.8268 -0.0896
v  1.1526 0.9191 -0.0775
v  1.2170 0.8288 -0.0474
v  1.1586 0.9152 -0.1205
v  1.0917 1.0054 -0.1028
v  1.4059 0.3417 -0.0750
v  1.4048 0.3950 -0.0629
v  1.4228 0.3401 -0.0559
v  1.4021 0.4491 -0.0552
v  1.0686 0.9616 -0.1946
v  1.1399 0.8924 -0.1555
v  1.0949 0.9957 -0.1553
v  1.0288 1.0833 -0.1248
v  1.0071 1.0711 -0.0639
v  0.9530 1.1288 -0.0745
v  1.2822 0.7629 -0.0731
v  1.1865 0.6303 0.0753
v  1.2271 0.5991 0.1110
v  1.2346 0.6425 0.0905
v  0.8805 1.1319 -0.0689
v  0.8831 1.1900 -0.0886
v  0.8537 1.1573 -0.0787
v  0.9157 1.1655 -0.0834
v  0.9754 1.1431 -0.1353
v  1.0269 1.0726 -0.1798
v  0.9923 1.0354 -0.2222
v  0.9656 1.1297 -0.1969
v  0.9371 1.1816 -0.1416
v  0.8583 1.2416 -0.1325
v  0.9014 1.2106 -0.1389
v  1.1636 0.6121 0.0508
v  1.1886 0.6561 0.0476
v  1.1741 0.6407 0.0263
v  1.2105 0.6777 0.0596
v  0.9259 1.1675 -0.2013
v  0.8927 1.1285 -0.2514
v  0.9294 1.0895 -0.2373
v  0.8908 1.2029 -0.1978
v  1.3330 0.4669 0.1367
v  0.8504 1.1682 -0.2599
v  0.7089 1.1970 -0.2192
v  0.6586 1.2437 -0.2064
v  0.7086 1.2905 -0.2195
v  0.6315 1.2090 -0.1524
v  0.7611 1.2471 -0.2335
v  1.2496 0.7522 0.0086
v  1.2445 0.7054 0.0505
v  0.8060 1.2097 -0.2463
v  0.7520 1.3212 -0.1819
v  0.8018 1.2767 -0.1885
v  0.8462 1.2401 -0.1931
v  0.8147 1.2785 -0.1298
v  0.7671 1.3224 -0.1227
v  0.7067 1.3808 -0.1099
v  0.7560 1.3016 -0.0727
v  0.8002 1.2558 -0.0859
v  1.4207 0.2833 -0.0706
v  1.4125 0.3219 0.0042
v  1.3631 0.3620 0.1087
v  1.3377 0.4056 0.0984
v  1.3740 0.3625 0.0936
v  1.3577 0.4049 0.0764
v  1.3295 0.4215 0.0594
v  1.3744 0.4041 0.0030
v  1.3616 0.4098 -0.0385
v  0.3490 1.2624 0.3566
v  0.2884 1.1956 0.3629
v  0.2278 1.1947 0.4221
v  0.3719 1.3194 0.3285
v  0.3309 1.2166 0.2896
v  0.3602 1.2728 0.2491
v  0.3680 1.3485 0.2273
v  0.4838 -2.0402 -0.0420
v  0.4372 -2.0359 -0.0310
v  1.3798 0.3835 -0.0641
v  0.0718 1.4100 0.4314
v  1.3715 0.4262 -0.0596
v  1.3804 0.3877 -0.0959
v  1.4040 0.3989 -0.0944
v  1.3711 0.4330 -0.0755
v  1.4055 0.3453 -0.1167
v  1.3861 0.3375 -0.1165
v  1.3740 0.3381 -0.1341
v  1.3564 0.4374 -0.1005
v  1.3674 0.3888 -0.1160
v  1.3765 0.3470 -0.1513
v  0.1673 -0.7114 -0.0832
v  0.0637 -0.0080 0.0449
v  0.1186 -0.0006 -0.1138
v  0.0939 -0.1201 0.0185
v  0.1485 -0.1133 -0.1184
v  0.1324 -0.2546 -0.0010
v  0.1751 -0.2529 -0.1227
v  1.3848 0.4632 -0.1203
v  1.3539 0.4886 -0.1178
v  0.0930 0.1124 -0.1087
v  1.1968 0.5389 0.0206
v  1.1930 0.5221 0.0532
v  1.1611 0.5595 0.0446
v  1.2409 0.5089 0.0513
v  0.0461 0.1030 0.0638
v  1.1922 0.4981 0.0750
v  1.2257 0.4880 0.0778
v  1.1917 0.4652 0.0961
v  1.2171 0.4583 0.0982
v  1.2354 0.4635 0.1204
v  0.0280 0.2048 0.1098
v  0.0535 0.2601 0.2451
v  0.0135 0.2107 0.1015
v  0.0154 0.2672 0.2536
v  1.2809 0.4981 0.0432
v  1.2982 0.4767 0.0840
v  1.2673 0.4947 0.0795
v  0.0176 0.4123 0.3227
v  0.0996 0.4093 0.3174
v  1.2441 0.5287 0.0171
v  1.2891 0.5148 0.0043
v  0.4050 -1.9478 -0.0741
v  1.3245 0.4719 0.0013
v  1.3136 0.4606 0.0434
v  0.0182 0.5680 0.3718
v  1.3101 0.4371 0.0926
v  0.3955 0.7265 0.0291
v  0.4161 0.6328 0.0157
v  0.3793 0.7151 -0.0687
v  0.4057 0.6403 -0.0765
v  1.2355 0.6550 -0.0808
v  0.3284 0.7008 -0.1532
v  0.1772 0.6590 -0.2435
v  0.2302 0.5215 -0.2957
v  0.0147 0.2614 -0.0413
v  0.0252 0.2547 -0.0306
v  0.4058 -2.0443 -0.0646
v  -0.3470 0.7196 0.1638
v  -0.3591 0.7265 0.0290
v  -0.3670 0.6142 0.1396
v  -0.2919 0.7008 -0.1534
v  -0.3692 0.6403 -0.0766
v  -0.3429 0.7151 -0.0688
v  -0.3797 0.6328 0.0155
v  -0.1407 0.6669 -0.2435
v  -0.2198 0.6849 -0.2091
v  -0.3227 0.6196 -0.1759
v  -0.0411 0.1910 -0.1149
v  -0.0624 0.1124 -0.1087
v  1.4075 0.4658 -0.0996
v  1.4082 0.4093 -0.1166
v  1.4075 0.3541 -0.1357
v  1.3890 0.4082 -0.1334
v  0.3660 -0.8033 0.1524
v  0.0036 0.2547 -0.0306
v  0.2278 1.7109 0.0844
v  0.2536 1.7225 0.0467
v  0.1794 1.7258 0.0455
v  0.1587 1.7133 0.0655
v  0.1959 1.7008 0.1115
v  0.3287 1.6559 0.0856
v  0.2775 1.6293 0.1454
v  0.3849 1.5534 0.1102
v  0.3450 1.5697 0.1404
v  0.3661 1.5080 0.1120
v  0.3587 -2.1210 -0.2277
v  0.3909 -2.1065 -0.2795
v  0.4300 -0.7899 0.0867
v  0.4278 -0.6908 0.1283
v  0.4527 -0.6820 0.0395
v  0.4621 -0.7802 -0.0005
v  0.4744 -0.8683 -0.0333
v  0.3744 -2.1648 -0.3097
v  0.4092 -2.4096 0.1605
v  0.4719 -0.7720 -0.0899
v  0.4654 -0.6784 -0.0566
v  0.4009 -0.0882 -0.1370
v  0.4734 -0.2204 -0.0051
v  0.6177 -2.4672 0.2112
v  0.5930 -2.4482 0.1909
v  0.6042 -2.4626 0.2221
v  0.6127 -2.4515 0.1750
v  0.4106 -0.6812 -0.1310
v  0.4154 -0.7780 -0.1562
v  0.3247 -0.6951 -0.1731
v  0.6042 -2.4423 0.1227
v  0.6076 -2.4736 0.1412
v  0.5860 -2.4086 0.0528
v  0.6196 -2.4570 0.1506
v  0.6120 -2.4812 0.1562
v  0.6341 -2.4655 0.1307
v  0.2363 -0.6991 -0.1515
v  0.2654 -0.1100 -0.1772
v  0.2817 -0.2403 -0.1646
v  0.6210 -2.4574 0.0879
v  0.2471 0.0134 -0.1798
v  0.2373 0.1316 -0.1801
v  0.3978 0.0389 -0.1403
v  0.3868 0.1669 -0.1405
v  0.0717 0.1910 -0.1149
v  0.2005 0.1860 -0.1974
v  1.2163 0.7337 0.0353
v  0.2781 0.1987 -0.2029
v  0.3640 0.2293 -0.1734
v  0.0258 0.3073 -0.1579
v  0.0528 0.2506 -0.1681
v  0.0985 0.2279 -0.2029
v  0.2042 0.2491 -0.2604
v  0.2970 0.2929 -0.2653
v  0.0983 0.3010 -0.2652
v  0.1840 0.3590 -0.3150
v  0.2720 0.4058 -0.3024
v  0.3674 0.3393 -0.2337
v  0.4289 0.2659 -0.1314
v  0.4230 0.3714 -0.1799
v  0.3485 0.4513 -0.2512
v  0.4005 0.4838 -0.1882
v  0.3592 0.6196 -0.1758
v  0.4380 0.5151 -0.0893
v  0.4484 0.5066 -0.0055
v  0.4613 0.3950 -0.1012
v  0.4918 0.3317 -0.0108
v  0.4956 0.1858 -0.0113
v  0.4890 0.0519 -0.0165
v  0.4846 -0.0818 -0.0143
v  0.6086 -2.4379 0.0341
v  0.6199 -2.4735 0.0225
v  0.4989 0.0535 0.1426
v  0.4961 -0.0861 0.1314
v  0.4377 -0.0913 0.2526
v  0.6318 -2.4840 0.0775
v  0.4912 0.3233 0.1419
v  0.3914 0.4144 0.2711
v  0.4457 0.4792 0.1322
v  0.1308 -0.1196 0.1623
v  0.2341 -0.2580 0.2428
v  0.2160 -0.1134 0.2615
v  0.1935 -0.0043 0.2675
v  0.3259 -0.1049 0.3026
v  0.3212 0.0173 0.3179
v  0.6410 -2.4775 0.1616
v  0.6301 -2.4725 0.1740
v  0.1045 -0.0117 0.1872
v  0.1445 0.3502 0.2747
v  0.2653 0.3454 0.2895
v  0.2387 0.4485 0.2860
v  0.6405 -2.4986 0.1616
v  0.8019 1.0362 -0.1157
v  0.1655 0.1256 0.2579
v  0.8361 0.9932 -0.1095
v  0.0850 0.1098 0.1975
v  0.0706 0.2575 0.2236
v  0.9675 0.8746 -0.1052
v  0.8866 0.9391 -0.1101
v  1.1246 0.7523 -0.0258
v  1.0465 0.8186 -0.0960
v  1.1370 0.7464 -0.0732
v  1.3857 0.4183 0.0799
v  1.0470 0.8359 -0.0449
v  0.3655 0.5654 0.2675
v  0.4033 0.6142 0.1397
v  0.2563 0.6849 -0.2090
v  0.3022 0.5925 -0.2393
v  0.9788 0.9019 -0.0529
v  -0.3924 0.2659 -0.1315
v  -0.4592 0.1858 -0.0115
v  -0.4554 0.3317 -0.0110
v  -0.4548 0.3233 0.1417
v  -0.4652 0.1946 0.1395
v  -0.4093 0.4792 0.1321
v  -0.3550 0.4144 0.2710
v  -0.2891 0.5365 0.2893
v  -0.3291 0.5654 0.2674
v  -0.4120 0.5066 -0.0057
v  -0.4248 0.3950 -0.1013
v  -0.3064 0.6816 0.2797
v  1.1348 0.7725 0.0095
v  1.0669 0.8649 -0.0136
v  1.1674 0.8020 0.0140
v  -0.2354 0.4058 -0.3025
v  -0.3120 0.4513 -0.2513
v  -0.3640 0.4838 -0.1883
v  -0.2656 0.5921 -0.2394
v  -0.4015 0.5151 -0.0895
v  1.1968 0.8215 -0.0129
v  1.0975 0.8927 -0.0104
v  1.3614 0.4514 -0.1221
v  -0.3865 0.3714 -0.1801
v  0.0077 0.3073 -0.1579
v  1.1644 0.5355 0.0724
v  -0.0200 0.2506 -0.1682
v  -0.0623 0.3010 -0.2653
v  1.1296 0.9129 -0.0364
v  1.1690 0.5062 0.0917
v  1.1776 0.4746 0.1139
v  -0.2452 -0.2403 -0.1647
v  1.0058 0.9345 -0.0265
v  -0.4439 -0.2254 0.1214
v  -0.4597 -0.0861 0.1313
v  -0.4289 -0.6784 -0.0567
v  1.0400 0.9721 -0.0247
v  1.0730 0.9955 -0.0556
v  0.9227 1.0927 -0.0537
v  0.9740 1.0450 -0.0381
v  -0.3693 -2.0443 -0.0647
v  -0.4257 -0.7802 -0.0007
v  -0.4163 -0.6820 0.0393
v  -0.3914 -0.6908 0.1282
v  -0.3936 -0.7899 0.0865
v  -0.3193 -0.7049 0.1815
v  -0.3296 -0.8033 0.1523
v  0.9372 1.0085 -0.0420
v  0.8925 1.0580 -0.0592
v  0.8520 1.0986 -0.0763
v  0.7998 1.1004 -0.0904
v  0.8275 1.0717 -0.0842
v  0.9091 0.9753 -0.0618
v  0.8627 1.0286 -0.0745
v  0.7730 1.0763 -0.1154
v  0.7370 1.1195 -0.1136
v  0.6888 1.1549 -0.1040
v  0.7611 1.1348 -0.0831
v  0.7131 1.1682 -0.0661
v  0.6591 1.2077 -0.0498
v  0.6343 1.1979 -0.0933
v  0.5917 1.2617 -0.0320
v  0.5666 1.2576 -0.0812
v  0.6942 1.2360 -0.0327
v  0.7447 1.1952 -0.0504
v  0.8265 1.1275 -0.0807
v  0.7291 1.2705 -0.0414
v  0.7763 1.2277 -0.0576
v  0.8159 1.1888 -0.0766
v  0.7889 1.1591 -0.0691
v  0.5270 1.6209 -0.0612
v  0.5111 1.6025 0.0237
v  0.4773 1.5558 0.0634
v  -0.1308 -0.7114 -0.0833
v  -0.1998 -0.6991 -0.1516
v  0.5038 1.5859 -0.1527
v  0.5001 1.6592 -0.0647
v  0.5417 1.5426 -0.1467
v  0.4601 1.5090 -0.1915
v  -0.4473 -2.0402 -0.0422
v  -0.4008 -2.0359 -0.0312
v  0.5656 1.2686 -0.1401
v  0.6287 -2.5055 0.1292
v  0.6156 -2.5116 0.0887
v  0.6370 -2.4877 0.1228
v  0.6033 -2.4992 0.1340
v  0.5686 -2.5187 0.0979
v  0.6048 -2.4911 0.1729
v  0.6091 -2.5005 0.2057
v  0.5899 -2.4904 0.1870
v  0.6137 -2.5047 0.1478
v  0.6324 -2.5127 0.1578
v  0.6189 -2.5125 0.1694
v  0.4903 -2.5169 0.0463
v  0.4435 -2.5221 0.1466
v  0.4240 -2.4971 0.0488
v  0.3943 -2.4709 0.1467
v  0.4407 -2.5023 0.2253
v  0.4125 -2.4659 0.2257
v  0.4541 -2.4987 0.2738
v  -0.2882 -0.6951 -0.1732
v  0.5545 -2.5167 0.0403
v  0.6036 -2.5059 0.0248
v  0.5324 -2.4876 -0.0282
v  -0.2776 -0.6031 -0.1593
v  -0.1386 -0.2529 -0.1228
v  -0.2290 -0.1100 -0.1773
v  0.5783 -2.4742 -0.0456
v  -0.3741 -0.6812 -0.1311
v  0.5980 -2.4363 -0.0411
v  0.5096 -2.4315 -0.0697
v  0.4730 -2.4681 -0.0225
v  0.3843 -2.4461 0.0563
v  0.4140 -2.4160 -0.0299
v  0.3523 -2.1283 -0.1703
v  0.3574 -2.1354 -0.1081
v  0.3563 -2.1903 -0.1289
v  0.3860 -2.1703 -0.0386
v  1.1605 0.5813 0.0763
v  0.4490 -2.3516 0.0931
v  0.3831 -2.2918 0.0169
v  0.3893 -2.3830 0.0771
v  0.5120 -2.3630 0.0782
v  0.5591 -2.3745 0.0544
v  0.5731 -2.3669 0.0082
v  0.5917 -2.3932 -0.0210
v  0.5535 -2.2904 -0.0101
v  0.5060 -2.2616 0.0358
v  0.4392 -2.2624 0.0436
v  0.5295 -2.1757 -0.0937
v  0.5019 -2.1544 -0.0016
v  0.5667 -2.3668 -0.1035
v  0.5684 -2.3181 -0.0729
v  0.5159 -2.1415 -0.2085
v  0.5407 -2.2548 -0.1442
v  0.4593 -2.1155 -0.2770
v  -0.9052 0.9775 -0.2128
v  -0.8067 0.9908 -0.1672
v  -0.8661 0.9391 -0.1645
v  -0.8407 1.0310 -0.2211
v  -0.7214 1.0644 -0.1727
v  -0.7603 1.1103 -0.2317
v  -0.6853 1.1169 -0.1687
v  -0.7164 1.1558 -0.2242
v  0.1312 0.9024 0.3292
v  0.1825 0.9969 0.2966
v  0.1208 1.0008 0.3339
v  -0.6473 1.1637 -0.1610
v  -0.4905 1.6209 -0.0613
v  -0.4636 1.6592 -0.0649
v  -0.4674 1.5859 -0.1528
v  0.3298 -0.2449 0.2774
v  0.4247 -0.3712 0.2065
v  0.4338 -0.2319 0.2263
v  0.4803 -0.2254 0.1216
v  -0.4361 1.6167 -0.1646
v  -1.1439 0.3880 0.1646
v  0.1904 0.9023 0.2963
v  -1.1272 0.6121 0.0504
v  -1.1247 0.5595 0.0443
v  -1.1376 0.6407 0.0259
v  -1.1451 0.6962 0.0387
v  -1.1522 0.6561 0.0472
v  -1.2132 0.7522 0.0082
v  -1.2080 0.7054 0.0501
v  -1.1799 0.7337 0.0349
v  0.2251 0.7502 0.3164
v  0.1385 0.8236 0.3324
v  0.1457 0.7100 0.3506
v  -1.2354 0.7597 -0.0278
v  -1.2457 0.7629 -0.0735
v  0.1875 -0.7176 0.0339
v  0.0800 0.8285 0.3455
v  -1.2251 0.7481 -0.0982
v  -0.6767 1.1682 -0.0663
v  -0.7083 1.1952 -0.0506
v  -0.7246 1.1348 -0.0834
v  -0.7398 1.2277 -0.0578
v  -0.7524 1.1590 -0.0693
v  1.3121 0.4545 0.1216
v  -0.7638 1.2558 -0.0862
v  -0.7795 1.1888 -0.0769
v  -0.7901 1.1275 -0.0809
v  -0.7633 1.1004 -0.0907
v  -0.8155 1.0986 -0.0766
v  -0.7910 1.0718 -0.0845
v  -0.7365 1.0763 -0.1157
v  -0.7006 1.1195 -0.1139
v  -0.6523 1.1549 -0.1042
v  0.0182 0.7610 0.3339
v  -0.0145 0.7742 0.3427
v  0.0182 0.7292 0.3481
v  -0.8172 1.1573 -0.0790
v  -0.8440 1.1319 -0.0692
v  -1.3525 0.4082 -0.1339
v  -1.3717 0.4093 -0.1171
v  -1.3484 0.4632 -0.1207
v  -0.9165 1.1288 -0.0748
v  -0.8862 1.0927 -0.0540
v  -0.9706 1.0711 -0.0642
v  -0.8466 1.1900 -0.0889
v  -0.8218 1.2416 -0.1328
v  -0.8064 1.2186 -0.0921
v  -1.3710 0.3541 -0.1362
v  -0.8792 1.1655 -0.0837
v  -0.9924 1.0833 -0.1252
v  -0.9389 1.1430 -0.1356
v  -0.9006 1.1816 -0.1419
v  -0.8650 1.2106 -0.1392
v  -1.3560 0.3550 -0.1507
v  -0.7782 1.2785 -0.1301
v  -0.8097 1.2401 -0.1934
v  -1.0584 0.9957 -0.1557
v  -1.1221 0.9152 -0.1209
v  -1.0552 1.0054 -0.1032
v  -0.9904 1.0726 -0.1801
v  -0.9291 1.1297 -0.1973
v  -0.8894 1.1675 -0.2016
v  -0.8542 1.2029 -0.1981
v  -1.1034 0.8924 -0.1559
v  -1.0321 0.9616 -0.1950
v  -0.9558 1.0354 -0.2226
v  -0.8928 1.0895 -0.2376
v  -1.3686 0.3017 -0.1362
v  -0.8562 1.1285 -0.2517
v  -0.8139 1.1682 -0.2602
v  -0.8022 1.0692 -0.2291
v  -0.9888 0.9188 -0.1954
v  -1.0712 0.8589 -0.1614
v  -1.0292 0.8266 -0.1403
v  -0.9493 0.8822 -0.1595
v  -0.7679 1.0296 -0.1688
v  -0.7694 1.2097 -0.2465
v  -1.3691 0.3453 -0.1171
v  -0.6724 1.1970 -0.2195
v  -0.6221 1.2437 -0.2066
v  -0.6721 1.2905 -0.2197
v  -0.6050 1.3460 -0.2096
v  -0.7155 1.3212 -0.1822
v  -0.7306 1.3224 -0.1229
v  -0.7653 1.2767 -0.1887
v  -0.7246 1.2471 -0.2337
v  -1.3675 0.3989 -0.0949
v  -0.7996 0.9932 -0.1097
v  -0.7196 1.3016 -0.0729
v  -0.6927 1.2705 -0.0417
v  -0.6578 1.2360 -0.0329
v  -0.5553 1.2617 -0.0322
v  -0.6226 1.2078 -0.0500
v  -0.7654 1.0362 -0.1159
v  -0.5951 1.2090 -0.1526
v  -0.5302 1.2577 -0.0814
v  -0.5978 1.1979 -0.0935
v  -0.0949 0.9024 0.3292
v  -0.0350 0.9179 0.3420
v  -0.0845 1.0008 0.3339
v  -0.0437 0.8285 0.3455
v  -0.2139 1.1601 0.2908
v  -0.2945 1.2166 0.2895
v  -0.2531 1.1894 0.2265
v  -0.2107 1.1285 0.2745
v  -0.1464 1.1297 0.3329
v  -0.3645 1.4417 -0.0211
v  -0.3712 1.4726 0.0338
v  -0.4039 1.5070 0.0612
v  -0.4409 1.5558 0.0632
v  -0.4747 1.6026 0.0235
v  -0.3693 1.4209 -0.0801
v  -0.5052 1.5426 -0.1469
v  -0.4236 1.5091 -0.1917
v  -0.3819 1.4415 -0.1464
v  -0.5292 1.2686 -0.1403
v  -0.2703 1.1366 0.0562
v  -0.2777 1.2203 0.1183
v  -0.2762 1.2175 0.0260
v  -0.5561 1.3003 -0.1934
v  -0.1888 0.7502 0.3164
v  -0.2611 0.7785 0.2776
v  -0.2360 0.6449 0.3041
v  -0.1094 0.7100 0.3505
v  -0.3137 0.8250 0.0630
v  0.0182 1.1748 0.3441
v  -0.0216 1.1623 0.3473
v  0.0182 1.0825 0.3376
v  -0.0075 1.2642 0.3546
v  -1.2757 0.4545 0.1212
v  -0.0925 1.2474 0.4574
v  -1.2557 0.4893 0.1176
v  -1.1572 0.4248 0.1308
v  0.0438 1.2642 0.3546
v  0.0182 1.3025 0.3448
v  0.0111 1.3805 0.3815
v  -0.0355 1.4100 0.4314
v  -1.1580 0.6769 -0.0475
v  -0.1320 1.4377 0.4672
v  1.3925 0.3550 -0.1502
v  0.2503 1.1601 0.2909
v  1.4062 0.3099 -0.1513
v  -1.1982 0.6425 0.0901
v  -1.1907 0.5991 0.1106
v  0.1845 1.1589 0.3459
v  1.4005 0.4546 -0.0730
v  0.2705 1.7666 -0.0761
v  0.2665 1.7370 -0.0084
v  0.3510 1.7481 -0.0813
v  0.1110 1.1924 0.3621
v  0.3495 1.7351 0.0094
v  0.4275 1.7233 -0.0761
v  -1.1501 0.6302 0.0749
v  -1.1741 0.6777 0.0592
v  -1.1493 0.5954 0.1001
v  -1.1241 0.5813 0.0759
v  0.0253 1.3805 0.3815
v  -1.3889 0.4892 -0.0233
v  -1.3710 0.4658 -0.1001
v  0.3353 1.3062 0.1527
v  0.3199 1.2424 0.1830
v  0.2894 1.1894 0.2266
v  0.2470 1.1285 0.2746
v  -1.3640 0.4546 -0.0735
v  -1.1005 0.7464 -0.0736
v  -1.0100 0.8186 -0.0964
v  -1.0881 0.7523 -0.0262
v  -1.0105 0.8359 -0.0452
v  -0.9310 0.8746 -0.1055
v  -0.9423 0.9019 -0.0532
v  0.1828 1.1297 0.3329
v  -0.8726 0.9753 -0.0621
v  -0.8501 0.9391 -0.1104
v  0.2970 1.1478 0.1724
v  -0.8262 1.0286 -0.0748
v  0.3141 1.2203 0.1184
v  -0.3127 1.2624 0.3564
v  -0.2520 1.1956 0.3628
v  -0.2746 1.2465 0.4137
v  -1.1903 0.8268 -0.0900
v  0.1316 1.7067 0.0824
v  0.1627 1.6928 0.1316
v  -1.1805 0.8288 -0.0478
v  -1.1604 0.8215 -0.0133
v  -0.1915 1.1947 0.4221
v  -0.1481 1.1589 0.3459
v  -1.1309 0.8020 0.0136
v  -1.0984 0.7725 0.0091
v  -0.0747 1.1924 0.3620
v  -0.3238 1.2728 0.2490
v  0.6150 -2.4754 0.1692
v  -0.3191 1.4096 0.1911
v  -0.3316 1.3485 0.2272
v  -0.2836 1.2424 0.1829
v  -0.2989 1.3062 0.1526
v  0.6210 -2.4937 0.1824
v  -0.2867 1.2922 0.0844
v  -0.2606 1.1478 0.1723
v  1.1815 0.6962 0.0391
v  1.2718 0.7597 -0.0273
v  0.4866 1.6423 0.0292
v  -1.3524 0.2933 -0.1329
v  -0.1540 0.9023 0.2962
v  -0.1462 0.9969 0.2965
v  -0.2049 0.9146 0.2665
v  -1.3439 0.3877 -0.0964
v  -1.3496 0.3375 -0.1170
v  -0.1677 0.8289 0.3058
v  -0.1022 0.8236 0.3324
v  -1.3683 0.3950 -0.0633
v  -1.3351 0.4262 -0.0601
v  -1.3433 0.3835 -0.0646
v  -1.3694 0.3417 -0.0755
v  -1.3467 0.3346 -0.0761
v  0.3555 1.4096 0.1912
v  0.3509 1.4579 0.2757
v  0.3140 1.4832 0.3504
v  0.1514 1.5000 0.4180
v  0.2428 1.5051 0.3999
v  0.1518 1.5482 0.3592
v  -1.3493 0.4183 0.0795
v  -1.3380 0.4041 0.0026
v  0.0855 1.5282 0.3437
v  0.0804 1.4800 0.3951
v  -1.3491 0.5257 0.0625
v  -1.3682 0.2578 0.0409
v  0.0182 1.6056 0.2272
v  0.0522 1.6064 0.2308
v  0.0182 1.6641 0.1655
v  0.0456 1.6761 0.1720
v  0.0436 1.6999 0.1209
v  0.0844 1.6821 0.1661
v  -1.3024 0.5267 0.1137
v  0.0713 1.7087 0.1228
v  0.1009 1.7055 0.1025
v  0.0181 1.6940 0.1155
v  -0.0075 1.6999 0.1208
v  -1.3213 0.4049 0.0759
v  -0.0602 -0.1201 0.0185
v  -0.0340 -0.0080 0.0448
v  -0.0966 -0.1196 0.1622
v  -0.1264 -0.2571 0.1310
v  -0.0959 -0.2546 -0.0010
v  -0.0480 1.6821 0.1661
v  -0.0092 1.6761 0.1720
v  -0.0158 1.6064 0.2308
v  -1.3174 0.4886 -0.1183
v  -0.3145 1.7481 -0.0814
v  -0.2300 1.7370 -0.0085
v  -0.2340 1.7666 -0.0762
v  -0.3761 -2.4659 0.2256
v  -0.3579 -2.4709 0.1466
v  -1.2931 0.4215 0.0590
v  -1.2737 0.4371 0.0921
v  -0.3876 -2.4971 0.0487
v  -0.3479 -2.4461 0.0562
v  -1.2077 0.5287 0.0167
v  -1.2526 0.5147 0.0039
v  -1.2444 0.4980 0.0428
v  -1.2881 0.4719 0.0009
v  -0.5671 -2.5059 0.0246
v  -0.5954 -2.4840 0.0773
v  -0.5834 -2.4735 0.0223
v  -1.2618 0.4767 0.0835
v  -1.2772 0.4605 0.0430
v  -0.5792 -2.5116 0.0885
v  -0.2777 1.4832 0.3503
v  -1.1807 0.4583 0.0978
v  -1.1893 0.4880 0.0774
v  -1.1558 0.4981 0.0746
v  -0.6006 -2.4877 0.1226
v  -1.1604 0.5389 0.0202
v  -1.1566 0.5221 0.0528
v  -0.1151 1.5000 0.4180
v  -0.2065 1.5051 0.3998
v  -1.2045 0.5089 0.0509
v  -1.2308 0.4946 0.0791
v  -0.5923 -2.5055 0.1290
v  -0.6041 -2.4986 0.1614
v  -0.0492 1.5282 0.3437
v  -0.1155 1.5482 0.3591
v  -0.5960 -2.5127 0.1576
v  -0.5825 -2.5125 0.1692
v  -0.5846 -2.4937 0.1821
v  -0.5756 -2.4812 0.1560
v  0.0182 1.5432 0.2816
v  -0.5773 -2.5047 0.1476
v  -0.5669 -2.4992 0.1338
v  -0.5712 -2.4736 0.1410
v  -0.5684 -2.4911 0.1727
v  -0.5786 -2.4754 0.1690
v  -0.3634 1.6702 -0.1722
v  -0.2889 1.7132 -0.1704
v  0.3763 -2.3526 -0.0206
v  -0.2433 1.6268 -0.2202
v  -0.1623 1.6635 -0.2205
v  -1.0305 0.8649 -0.0139
v  -0.9694 0.9346 -0.0268
v  -0.9007 1.0085 -0.0423
v  0.4361 -2.1531 0.0086
v  -0.8560 1.0580 -0.0595
v  -0.9376 1.0450 -0.0384
v  -1.0036 0.9721 -0.0251
v  -1.0611 0.8927 -0.0108
v  -1.0931 0.9129 -0.0367
v  -1.0365 0.9955 -0.0560
v  -1.1161 0.9191 -0.0778
v  -0.0837 1.6769 -0.2065
v  -0.1234 1.5758 -0.2411
v  -1.3400 0.3470 -0.1518
v  -1.3348 0.3989 -0.1342
v  -1.3249 0.4514 -0.1225
v  -1.3375 0.3381 -0.1345
v  -0.1922 1.7488 -0.1578
v  -1.3309 0.3888 -0.1165
v  -1.3199 0.4374 -0.1009
v  -1.3346 0.4330 -0.0759
v  -0.0992 1.7444 -0.1796
v  -1.3382 0.3253 -0.0582
v  -1.3350 0.3721 -0.0467
v  -1.3251 0.4098 -0.0390
v  -0.0345 1.7432 -0.1865
v  -1.3457 0.3711 -0.0272
v  0.0183 1.7429 -0.1880
v  -0.0270 1.6891 -0.2049
v  0.0182 1.3731 -0.1855
v  -0.0452 1.2663 -0.1589
v  -0.0540 1.3645 -0.2073
v  -0.0397 1.1686 -0.1284
v  0.0182 1.2700 -0.1494
v  0.0182 1.1737 -0.1137
v  -0.0366 1.0716 -0.0972
v  0.0183 1.4716 -0.2115
v  0.0905 1.3645 -0.2073
v  -0.3992 -2.4222 0.2319
v  -0.3728 -2.4096 0.1604
v  -0.5813 -2.4672 0.2110
v  0.2136 1.1469 -0.1105
v  0.2861 1.2209 -0.0723
v  0.2755 1.1374 -0.0414
v  -1.3240 0.3973 0.0268
v  0.3067 1.1366 0.0563
v  0.2964 1.0647 0.0819
v  0.2238 1.2318 -0.1490
v  0.3127 1.2175 0.0261
v  0.3231 1.2922 0.0845
v  -0.3911 1.7233 -0.0763
v  -0.5615 -2.4363 -0.0413
v  -0.5722 -2.4379 0.0339
v  -0.5553 -2.3932 -0.0212
v  -0.5846 -2.4574 0.0877
v  -1.3527 0.2522 0.0303
v  -0.5977 -2.4655 0.1305
v  -0.6046 -2.4775 0.1614
v  0.1520 1.2484 -0.1774
v  -0.5937 -2.4725 0.1738
v  0.1432 1.1595 -0.1341
v  0.1406 1.0674 -0.1018
v  -0.0859 -0.0006 -0.1138
v  0.0817 1.2663 -0.1589
v  0.0762 1.1686 -0.1284
v  -0.3506 0.1669 -0.1406
v  -0.2026 0.1316 -0.1802
v  -0.3614 0.0389 -0.1404
v  -0.2116 0.0134 -0.1799
v  -0.2425 0.1986 -0.2030
v  -0.3277 0.2293 -0.1736
v  -0.2605 0.2929 -0.2654
v  -0.3308 0.3393 -0.2339
v  -0.4526 0.0519 -0.0167
v  -0.4482 -0.0818 -0.0144
v  -0.3644 -0.0882 -0.1371
v  -0.4625 0.0535 0.1424
v  0.0731 1.0716 -0.0971
v  0.1889 0.7706 -0.1477
v  0.2597 0.8015 -0.1061
v  0.0701 0.6703 -0.2059
v  -0.3995 0.0426 0.2663
v  -0.4013 -0.0913 0.2524
v  -0.3975 -0.2319 0.2262
v  0.0183 0.6712 -0.2014
v  -0.0194 0.1030 0.0638
v  0.1304 0.9171 -0.0701
v  0.0704 0.9863 -0.0764
v  0.1348 0.9876 -0.0817
v  0.1993 0.9297 -0.0279
v  0.2166 0.8578 -0.0546
v  -0.2852 0.0173 0.3178
v  -0.2895 -0.1049 0.3024
v  -0.2934 -0.2449 0.2773
v  0.1466 0.8316 -0.0900
v  -0.1977 -0.2580 0.2427
v  -0.1803 -0.1134 0.2614
v  -0.1596 -0.0043 0.2674
v  -0.0732 -0.0117 0.1872
v  -0.1338 0.1256 0.2578
v  0.0688 0.9113 -0.0692
v  -0.0561 0.1098 0.1974
v  0.0182 0.9872 -0.0437
v  -0.1510 -0.7176 0.0338
v  -0.0336 0.6791 -0.2060
v  -0.2261 -0.7145 0.1364
v  -1.3842 0.2833 -0.0710
v  0.0182 1.0773 -0.0728
v  0.0182 0.9053 -0.0375
v  -0.0339 0.9865 -0.0765
v  -0.0323 0.9115 -0.0692
v  0.0182 0.8141 -0.0894
v  -0.0748 0.7449 -0.1645
v  -0.1526 0.7810 -0.1478
v  -0.2233 0.8015 -0.1062
v  -1.2950 0.4759 -0.0432
v  -0.2843 0.8197 -0.0284
v  -1.3046 0.4350 -0.0353
v  -0.0434 0.8235 -0.1033
v  -0.3162 1.5745 -0.2210
v  0.3254 1.7132 -0.1703
v  0.2287 1.7488 -0.1577
v  0.0182 0.7385 -0.1601
v  0.1112 0.7336 -0.1644
v  -0.2171 1.7225 0.0466
v  -0.2923 1.6559 0.0855
v  -0.1914 1.7109 0.0844
v  -0.1604 1.7435 0.0173
v  -0.1226 1.7133 0.0654
v  -0.1432 1.7258 0.0454
v  -0.1103 0.8431 -0.0901
v  -0.2411 1.6293 0.1453
v  -0.5302 -2.3668 -0.1037
v  -0.5320 -2.3181 -0.0731
v  -0.5042 -2.2549 -0.1444
v  -0.4793 -2.1415 -0.2086
v  -0.4930 -2.1757 -0.0939
v  -0.4654 -2.1544 -0.0018
v  -0.1263 1.6928 0.1315
v  -0.0954 1.7067 0.0824
v  -0.3158 -2.1283 -0.1704
v  -0.3222 -2.1210 -0.2278
v  -0.3485 1.5534 0.1101
v  -0.3086 1.5697 0.1403
v  -0.3716 1.6236 0.0828
v  -0.3379 -2.1648 -0.3098
v  -0.3835 1.5283 0.0840
v  -0.3297 1.5080 0.1119
v  -0.1801 0.8578 -0.0547
v  -0.1628 0.9297 -0.0280
v  -0.2393 0.8781 0.0029
v  -0.2227 0.9389 0.0250
v  -0.5321 -2.5187 0.0977
v  -0.5181 -2.5167 0.0401
v  -0.4539 -2.5169 0.0462
v  -1.3900 0.2622 0.0358
v  -0.4366 -2.4681 -0.0227
v  -0.0939 0.9201 -0.0701
v  -0.2229 0.9965 0.0163
v  -0.4732 -2.4315 -0.0699
v  -0.4960 -2.4876 -0.0283
v  -0.2390 1.1374 -0.0415
v  -0.2496 1.2209 -0.0724
v  -0.1771 1.1469 -0.1106
v  -0.1682 0.9915 -0.0444
v  -0.5418 -2.4743 -0.0458
v  -0.5727 -2.5005 0.2055
v  -0.0984 0.9880 -0.0817
v  -0.1068 1.1595 -0.1342
v  -0.1042 1.0676 -0.1019
v  0.3208 0.8197 -0.0283
v  0.3501 0.8250 0.0631
v  -0.1733 1.0615 -0.0742
v  -0.3529 -2.3830 0.0769
v  -0.3466 -2.2919 0.0167
v  -0.4126 -2.3516 0.0929
v  -0.4176 -2.4290 0.2775
v  -0.5763 -2.4515 0.1748
v  -0.5496 -2.4087 0.0526
v  -0.5226 -2.3746 0.0542
v  -0.5678 -2.4424 0.1225
v  -0.5832 -2.4570 0.1504
v  -0.1683 0.2491 -0.2604
v  -0.0647 0.2279 -0.2029
v  -0.1660 0.1860 -0.1975
v  -0.1132 -0.1133 -0.1184
v  -0.3398 -2.3526 -0.0207
v  -0.1874 1.2318 -0.1491
v  -0.1155 1.2484 -0.1775
v  -0.0233 0.2601 0.2451
v  -0.0014 0.2048 0.1098
v  -0.0410 0.2575 0.2236
v  -0.0521 0.2223 0.2020
v  -0.0647 0.4093 0.3174
v  -0.1215 0.5948 0.3507
v  -0.3209 -2.1354 -0.1082
v  -0.3996 -2.1531 0.0084
v  -0.3495 -2.1703 -0.0387
v  -0.3198 -2.1903 -0.1290
v  0.3999 1.6702 -0.1721
v  0.1357 1.7444 -0.1796
v  0.1843 1.8081 -0.1174
v  0.1292 1.8070 -0.1507
v  0.2798 1.6268 -0.2201
v  0.3527 1.5745 -0.2208
v  0.2365 1.5310 -0.2333
v  0.1988 1.6635 -0.2205
v  0.1599 1.5758 -0.2410
v  0.1202 1.6769 -0.2065
v  0.0826 1.6105 -0.2237
v  0.4010 1.4416 -0.0209
v  0.0720 1.8036 -0.1669
v  0.4076 1.4726 0.0340
v  0.4403 1.5070 0.0614
v  0.0710 1.7432 -0.1865
v  0.2098 1.0615 -0.0741
v  0.0635 1.6891 -0.2049
v  0.2594 0.9965 0.0164
v  0.2591 0.9389 0.0251
v  0.2757 0.8781 0.0030
v  0.0181 1.8011 -0.1699
v  0.2646 1.0605 -0.0080
v  -0.1112 0.3502 0.2747
v  -0.2027 0.4485 0.2859
v  -0.0358 1.8036 -0.1669
v  -0.0929 1.8070 -0.1508
v  -0.1481 1.8081 -0.1174
v  -0.5366 -2.3669 0.0080
v  -0.5171 -2.2904 -0.0103
v  -0.4696 -2.2616 0.0357
v  -0.4028 -2.2624 0.0435
v  -0.4227 -2.1155 -0.2772
v  -0.3544 -2.1065 -0.2796
v  0.3130 0.8880 0.0881
v  0.2047 0.9915 -0.0443
v  0.4199 1.5283 0.0842
v  -0.0883 1.6873 0.1506
v  -0.0352 1.7087 0.1228
v  -0.0648 1.7055 0.1025
v  -0.1595 1.7008 0.1115
v  -0.1981 1.6283 0.1805
v  -0.2660 1.5755 0.1885
v  -0.3104 1.4846 0.1530
v  -0.2951 1.4493 0.0801
v  -0.1767 1.7738 -0.0196
v  -0.3131 1.7351 0.0093
v  -0.3854 1.7124 0.0150
v  -0.4502 1.6423 0.0290
v  -0.1796 1.8006 -0.0637
v  0.4726 1.6167 -0.1645
v  -1.3021 0.4650 -0.0941
v  0.2159 1.8006 -0.0636
v  -1.3100 0.4449 -0.0625
v  -0.2766 0.8880 0.0880
v  -0.2603 0.9426 0.0993
v  -0.2541 0.9990 0.0971
v  -0.2600 1.0647 0.0818
v  -1.3085 0.4255 -0.0046
v  -1.2962 0.4212 0.0278
v  0.0183 1.6925 -0.2046
v  0.0183 1.6029 -0.2233
v  -0.0165 1.6510 -0.2164
v  0.0183 1.6492 -0.2168
v  0.3301 1.4169 0.0259
v  0.3682 1.4451 -0.0084
v  0.0530 1.6510 -0.2163
v  0.0182 0.6771 0.3599
v  0.1578 0.5948 0.3508
v  0.2723 0.6449 0.3041
v  0.2975 0.7785 0.2777
v  0.3428 0.6816 0.2798
v  0.3834 0.7196 0.1639
v  0.3452 0.8132 0.1722
v  0.3132 0.8815 0.1781
v  0.2967 0.9426 0.0994
v  0.2866 1.0700 0.1786
v  0.2905 0.9990 0.0972
v  -1.2091 0.4836 0.1005
v  0.0183 1.5453 -0.2223
v  -0.0321 1.5487 -0.2249
v  -1.1280 0.5355 0.0720
v  0.0686 1.5487 -0.2249
v  -0.3088 0.8132 0.1721
v  -0.2769 0.8815 0.1780
v  -0.2296 0.8426 0.2715
v  -0.2590 0.9455 0.1825
v  -0.1949 0.9974 0.2587
v  -0.2000 1.5310 -0.2334
v  -0.1459 1.0735 0.3266
v  -0.2088 1.0721 0.2716
v  -0.2417 1.0074 0.1832
v  0.4546 1.5914 0.0716
v  -0.2503 1.0700 0.1786
v  -0.2936 1.4169 0.0258
v  -0.2867 1.3646 0.0552
v  -0.2947 1.3764 0.1203
v  -0.1617 1.4379 -0.2262
v  -0.2905 1.5073 0.2335
v  -0.0700 1.4832 -0.2280
v  -0.1503 1.6278 0.2055
v  -0.1339 1.3408 -0.2185
v  -0.2282 1.0605 -0.0081
v  -1.1278 0.5476 0.0992
v  -1.1524 0.5582 0.1242
v  0.4080 1.6236 0.0829
v  0.4219 1.7124 0.0152
v  -1.1927 0.5573 0.1287
v  -0.4182 1.5914 0.0714
v  1.1642 0.5476 0.0996
v  1.3713 0.3989 -0.1337
v  0.0167 0.3112 -0.1544
v  0.3255 0.5365 0.2894
v  0.8429 1.2186 -0.0918
v  1.1857 0.5954 0.1005
v  1.1888 0.5583 0.1246
v  1.2291 0.5573 0.1291
v  1.2654 0.5468 0.1305
v  0.3753 1.4908 0.0496
v  1.3326 0.4212 0.0282
v  1.3450 0.4255 -0.0042
v  1.3411 0.4350 -0.0348
v  1.3385 0.4650 -0.0936
v  1.3314 0.4759 -0.0427
v  1.3465 0.4449 -0.0621
v  1.2455 0.4836 0.1009
v  0.0798 0.8168 -0.1032
v  0.2129 1.7738 -0.0195
v  0.1966 1.7435 0.0174
v  0.1704 1.3408 -0.2185
v  0.1982 1.4379 -0.2261
v  0.2451 1.0721 0.2717
v  0.1822 1.0735 0.3266
v  0.1065 1.4832 -0.2279
v  -0.3388 1.4908 0.0495
v  0.0714 0.9179 0.3420
v  0.2781 1.0074 0.1833
v  0.2954 0.9455 0.1826
v  0.2413 0.9146 0.2666
v  0.2313 0.9974 0.2588
v  0.2659 0.8426 0.2716
v  0.2040 0.8289 0.3059
v  0.0802 0.7473 0.3532
v  0.0508 0.7742 0.3427
v  0.0487 0.8046 0.3405
v  -0.0439 0.7473 0.3532
v  0.0182 0.8429 0.3348
v  0.0182 0.8174 0.3285
v  -0.0124 0.8046 0.3405
v  -0.0790 1.0780 0.3400
v  0.0182 0.9177 0.3367
v  -0.0316 1.0029 0.3418
v  -0.0441 1.4800 0.3951
v  0.0091 1.4528 0.3557
v  0.1153 1.0780 0.3400
v  0.0679 1.0029 0.3419
v  -0.0080 1.5061 0.3249
v  0.0182 1.4982 0.3177
v  -0.0145 1.5489 0.2870
v  -0.0249 1.0812 0.3413
v  -0.0790 1.1445 0.3497
v  0.1153 1.1445 0.3498
v  0.0612 1.0812 0.3413
v  0.0182 1.0025 0.3393
v  0.0579 1.1623 0.3473
v  -0.0552 1.5633 0.2957
v  -0.0546 1.6137 0.2297
v  -0.1070 1.5792 0.2991
v  -0.1906 1.5482 0.3436
v  0.0272 1.4528 0.3557
v  -0.2476 1.5380 0.2989
v  -0.3146 1.4579 0.2756
v  0.3311 1.3764 0.1204
v  -0.1653 1.5902 0.2717
v  0.3315 1.4493 0.0802
v  0.3468 1.4846 0.1531
v  0.2345 1.6283 0.1806
v  0.3024 1.5755 0.1886
v  0.1247 1.6873 0.1506
v  0.1387 1.6225 0.2216
v  0.1866 1.6278 0.2055
v  0.2536 1.5885 0.2315
v  0.3269 1.5073 0.2336
v  -0.1023 1.6225 0.2216
v  0.2016 1.5902 0.2718
v  0.0909 1.6137 0.2297
v  0.1433 1.5792 0.2991
v  0.2269 1.5482 0.3436
v  0.2840 1.5380 0.2989
v  0.0916 1.5633 0.2957
v  0.0443 1.5061 0.3249
v  0.0509 1.5489 0.2871
v  -0.2172 1.5885 0.2314
v  -1.2269 0.5049 0.1229
v  -0.0461 1.6105 -0.2238
v  0.0182 1.4444 0.3504
v  0.0182 1.3690 0.3669
v  -1.2290 0.5468 0.1301
